-83.1893507422
-83.1888803294
-83.1876497874
-83.1858951399
-83.1837971217
-83.1814949028
-83.1790914928
-83.1766638272
-83.1742685375
-83.1719479120
-83.1697336922
-83.1676490272
-83.1657085508
-83.1639173113
-83.1622705949
-83.1607560248
-83.1593563561
-83.1580526027
-83.1568300749
-83.1556763058
-83.1545815992
-83.1535388355
-83.1525448086
-83.1515970995
-83.1506933388
-83.1498327747
-83.1490156638
-83.1482412684
-83.1475090322
-83.1468194707
-83.1461717608
-83.1455662099
-83.1450022774
-83.1444772399
-83.1439923822
-83.1435477929
-83.1431391784
-83.1427641074
-83.1424226577
-83.1421131811
-83.1418317135
-83.1415758058
-83.1413426768
-83.1411303570
-83.1409372615
-83.1407610286
-83.1405989141
-83.1404501193
-83.1403130149
-83.1401850694
-83.1400659506
-83.1399554836
-83.1398531868
-83.1397575165
-83.1396667851
-83.1395802714
-83.1394985212
-83.1394222807
-83.1393513996
-83.1392852958
-83.1392210928
