0.82742901
-0.85242901
-0.87742901
-0.90242901
-0.92742901
-0.95242901
-0.97742901
-1.00242901
-1.02742901
-1.05242901
-1.07742901
-1.10242901
-1.12742901
-1.15242901
-1.17742901
-1.20242901
-1.22742901
-1.25242901
-1.27742901
-1.30242901
-1.32742901
-1.35242901
-1.37742901
-1.40242901
-1.42742901
-1.45242901
-1.47742901
-1.50242901
-1.52742901
-1.55242901
-1.57742901
-1.60242901
-1.62742901
-1.65242901
-1.67742901
-1.70242901
-1.72742901
-1.75242901
-1.77742901
-1.80242901
-1.82742901
-1.85242901
-1.87742901
-1.90242901
-1.92742901
-1.95242901
-1.97742901
-2.00242901
-2.02742901
-2.05242901
-2.07742901
-2.10242901
-2.12742901
-2.15242901
-2.17742901
-2.20242901
-2.22742901
-2.25242901
-2.27742901
-2.30242901
-2.32742901
