0.57239450
-0.59739450
-0.62239450
-0.64739450
-0.67239450
-0.69739450
-0.72239450
-0.74739450
-0.77239450
-0.79739450
-0.82239450
-0.84739450
-0.87239450
-0.89739450
-0.92239450
-0.94739450
-0.97239450
-0.99739450
-1.02239450
-1.04739450
-1.07239450
-1.09739450
-1.12239450
-1.14739450
-1.17239450
-1.19739450
-1.22239450
-1.24739450
-1.27239450
-1.29739450
-1.32239450
-1.34739450
-1.37239450
-1.39739450
-1.42239450
-1.44739450
-1.47239450
-1.49739450
-1.52239450
-1.54739450
-1.57239450
-1.59739450
-1.62239450
-1.64739450
-1.67239450
-1.69739450
-1.72239450
-1.74739450
-1.77239450
-1.79739450
-1.82239450
-1.84739450
-1.87239450
-1.89739450
-1.92239450
-1.94739450
-1.97239450
-1.99739450
-2.02239450
-2.04739450
-2.07239450
