-94.6103949311
-94.6073905707
-94.5994741543
-94.5880045319
-94.5740311249
-94.5583610792
-94.5416129452
-94.5242578539
-94.5066508144
-94.4890560728
-94.4716683227
-94.4546295976
-94.4380414185
-94.4219747055
-94.4064779517
-94.3915842267
-94.3773177702
-94.3637013246
-94.3507668869
-94.3385768882
-94.3272747055
-94.3171966862
-94.3088030778
-94.3021176199
-94.2967557077
-94.2923384859
-94.2885975963
-94.2853616207
-94.2825138012
-94.2799746827
-94.2776911065
-94.2756225628
-94.2737410699
-94.2720243950
-94.2704557522
-94.2690236237
-94.2677168827
-94.2665271506
-94.2654480821
-94.2644736031
-94.2635985439
-94.2628179532
-94.2621289771
-94.2615316476
-94.2613475285
-94.2611877181
-94.2609968340
-94.2607836979
-94.2605480863
-94.2603042065
-94.2600508241
-94.2597913926
-94.2595358187
-94.2592721348
-94.2590169163
-94.2587641946
-94.2585708420
-94.2582814168
-94.2580531463
-94.2578471359
-94.2576240266
