-436.198955033
-436.196446578
-436.189794858
-436.180047429
-436.168034348
-436.154409631
-436.139686262
-436.124266361
-436.108460211
-436.092507393
-436.076591862
-436.060853565
-436.045398856
-436.030307769
-436.015639194
-436.001435674
-435.987726606
-435.974531586
-435.961863340
-435.949729990
-435.938137569
-435.927091803
-435.916600608
-435.906675928
-435.897336974
-435.888616177
-435.880564648
-435.873265556
-435.866838489
-435.861376834
-435.856805218
-435.852926870
-435.849566664
-435.846599306
-435.843944656
-435.841544845
-436.198955079
-435.837348564
-435.835501198
-435.833794337
-435.832214090
-435.768259355
-435.764320450
-435.760519234
-435.756865533
-435.753361101
-435.750005362
-435.746794047
-435.823148172
-435.822377169
-435.737969284
-435.735278125
-435.732701466
-435.730234033
-435.727870497
-435.725605010
-435.723432194
-435.721347686
-435.719347207
-435.717426277
-435.715580640
