1.16981901
-1.19481901
-1.21981901
-1.24481901
-1.26981901
-1.29481901
-1.31981901
-1.34481901
-1.36981901
-1.39481901
-1.41981901
-1.44481901
-1.46981901
-1.49481901
-1.51981901
-1.54481901
-1.56981901
-1.59481901
-1.61981901
-1.64481901
-1.66981901
-1.69481901
-1.71981901
-1.74481901
-1.76981901
-1.79481901
-1.81981901
-1.84481901
-1.86981901
-1.89481901
-1.91981901
-1.94481901
-1.96981901
-1.99481901
-2.01981901
-2.04481901
-2.06981901
-2.09481901
-2.11981901
-2.14481901
-2.16981901
-2.19481901
-2.21981901
-2.24481901
-2.26981901
-2.29481901
-2.31981901
-2.34481901
-2.36981901
-2.39481901
-2.41981901
-2.44481901
-2.46981901
-2.49481901
-2.51981901
-2.54481901
-2.56981901
-2.59481901
-2.61981901
-2.64481901
-2.66981901
