0.74506800
0.77006800
0.79506800
0.82006800
0.84506800
0.87006800
0.89506800
0.92006800
0.94506800
0.97006800
0.99506800
1.02006800
1.04506800
1.07006800
1.09506800
1.12006800
1.14506800
1.17006800
1.19506800
1.22006800
1.24506800
1.27006800
1.29506800
1.32006800
1.34506800
1.37006800
1.39506800
1.42006800
1.44506800
1.47006800
1.49506800
1.52006800
1.54506800
1.57006800
1.59506800
1.62006800
1.64506800
1.67006800
1.69506800
1.72006800
1.74506800
1.77006800
1.79506800
1.82006800
1.84506800
1.87006800
1.89506800
1.92006800
1.94506800
1.97006800
1.99506800
2.02006800
2.04506800
2.07006800
2.09506800
2.12006800
2.14506800
2.17006800
2.19506800
2.22006800
2.24506800
