-76.9684347025
-77.0428001567
-77.0428001566
-77.0327518380
-77.0233520026
-77.0145324498
-77.0062360651
-76.9984144328
-76.9910252098
-76.9840309582
-76.9773977516
-76.9710950044
-76.9650951206
-76.9593736105
-76.9539090610
-76.9486828971
-76.9436789999
-76.9388835683
-76.9342849352
-76.9298730171
-76.9256392204
-76.9215755945
-76.9176748206
-76.9139306623
-76.9103381366
-76.9068895740
-76.9035610626
-76.9003465000
-76.8972449359
-76.8942549976
-76.8913749775
-76.8886033191
-76.8859384097
-76.8833782267
-76.8809205357
-76.8785631611
-76.8763038126
-76.8741398122
-76.8720682391
-76.8700861648
-76.8681906128
-76.8663783367
-76.8646458838
-76.8629898077
-76.8614067934
-76.8598935305
-76.8584465895
-76.8570625457
-76.8557381978
-76.8544705971
-76.8532568576
-76.8520940648
-76.8509794135
-76.8499103673
