0.957625
0.982625
0.98262500
1.00762500
1.03262500
1.05762500
1.08262500
1.10762500
1.13262500
1.15762500
1.18262500
1.20762500
1.23262500
1.25762500
1.28262500
1.30762500
1.33262500
1.35762500
1.38262500
1.40762500
1.43262500
1.45762500
1.48262500
1.50762500
1.53262500
1.55762500
1.58262500
1.60762500
1.63262500
1.65762500
1.68262500
1.70762500
1.73262500
1.75762500
1.78262500
1.80762500
1.83262500
1.85762500
1.88262500
1.90762500
1.93262500
1.95762500
1.98262500
2.00762500
2.03262500
2.05762500
2.08262500
2.10762500
2.13262500
2.15762500
2.18262500
2.20762500
2.23262500
2.25762500
