-151.535216598
-151.533916153
-151.530448920
-151.525354489
-151.519052229
-151.511865498
-151.504046922
-151.495797836
-151.487277333
-151.478615870
-151.469920212
-151.461277356
-151.452759410
-151.444422852
-151.436310739
-151.428458303
-151.420892466
-151.413632651
-151.406688781
-151.400068388
-151.393770900
-151.387792499
-151.382127889
-151.376766136
-151.371696465
-151.366907278
-151.362384128
-151.358113722
-151.354083125
-151.350278066
-151.346685330
-151.343292969
-151.340088546
-151.337060007
-151.334196979
-151.331489462
-151.328927375
-151.326501579
-151.324204220
-151.322027652
-151.319964377
-151.318007796
-151.316152040
-151.314391273
-151.312720725
-151.311135373
-151.309630999
-151.308203433
-151.306848851
-151.305563303
-151.304344420
-151.303188254
-151.302091909
-151.301051979
-151.300065032
-151.299128473
-151.298239788
-151.297395928
-151.296593631
-151.295830077
-151.295102898
