0.71193780
-0.73693780
-0.76193780
-0.78693780
-0.81193780
-0.83693780
-0.86193780
-0.88693780
-0.91193780
-0.93693780
-0.96193780
-0.98693780
-1.01193780
-1.03693780
-1.06193780
-1.08693780
-1.11193780
-1.13693780
-1.16193780
-1.18693780
-1.21193780
-1.23693780
-1.26193780
-1.28693780
-1.31193780
-1.33693780
-1.36193780
-1.38693780
-1.41193780
-1.43693780
-1.46193780
-1.48693780
-1.51193780
-1.53693780
-1.56193780
-1.58693780
-1.61193780
-1.63693780
-1.66193780
-1.68693780
-1.71193780
-1.73693780
-1.76193780
-1.78693780
-1.81193780
-1.83693780
-1.86193780
-1.88693780
-1.91193780
-1.93693780
-1.96193780
-1.98693780
-2.01193780
-2.03693780
-2.06193780
-2.08693780
-2.11193780
-2.13693780
-2.16193780
-2.18693780
-2.21193780
