0.59356200
0.61856200
0.64356200
0.66856200
0.69356200
0.71856200
0.74356200
0.76856200
0.79356200
0.81856200
0.84356200
0.86856200
0.89356200
0.91856200
0.94356200
0.96856200
0.99356200
1.01856200
1.04356200
1.06856200
1.09356200
1.11856200
1.14356200
1.16856200
1.19356200
1.21856200
1.24356200
1.26856200
1.29356200
1.31856200
1.34356200
1.36856200
1.39356200
1.41856200
1.44356200
1.46856200
1.49356200
1.51856200
1.54356200
1.56856200
1.59356200
1.61856200
1.64356200
1.66856200
1.69356200
1.71856200
1.74356200
1.76856200
1.79356200
1.81856200
1.84356200
1.86856200
1.89356200
1.91856200
1.94356200
1.96856200
1.99356200
2.01856200
2.04356200
2.06856200
2.09356200
