-108.905145531
-108.903298820
-108.888320129
-108.871163313
-108.850751007
-108.828377188
-108.804963721
-108.781152989
-108.757385541
-108.733961876
-108.711087287
-108.688903770
-108.667511218
-108.646976819
-108.627341333
-108.608622645
-108.590817905
-108.573910588
-108.557873666
-108.542676030
-108.528283884
-108.514664531
-108.501784774
-108.489614586
-108.478123028
-108.467281518
-108.457063330
-108.447439403
-108.438384838
-108.429874187
-108.421879547
-108.414377778
-108.407343865
-108.400750415
-108.394574519
-108.388792358
-108.383377590
-108.378307543
-108.373561056
-108.369114951
-108.364947780
-108.361041299
-108.357377149
-108.353936812
-108.350704152
-108.347664948
-108.344805139
-108.342111257
-108.339571544
-108.337175446
-108.334913048
-108.332775185
-108.330753677
-108.328841134
-108.327030676
-108.325316116
-108.323691616
-108.322152310
-108.320693719
-108.319311147
-108.317999505
