0.580391
0.60539100
0.63039100
0.65539100
0.68039100
0.70539100
0.73039100
0.75539100
0.78039100
0.80539100
0.83039100
0.85539100
0.88039100
0.90539100
0.93039100
0.95539100
0.98039100
1.00539100
1.03039100
1.05539100
1.08039100
1.10539100
1.13039100
1.15539100
1.18039100
1.20539100
1.23039100
1.25539100
1.28039100
1.30539100
1.33039100
1.35539100
1.38039100
1.40539100
1.43039100
1.45539100
1.48039100
1.50539100
1.53039100
1.55539100
1.58039100
1.60539100
1.63039100
1.65539100
1.68039100
1.70539100
1.73039100
1.75539100
1.78039100
1.80539100
1.83039100
1.85539100
1.88039100
1.90539100
1.93039100
1.95539100
1.98039100
2.00539100
2.03039100
2.05539100
2.08039100
