-150.249004279
-150.245260504
-150.235601724
-150.221889071
-150.205467999
-150.187317451
-150.168154939
-150.148506507
-150.128755005
-150.109176469
-150.089967505
-150.071266618
-150.053170364
-150.035743305
-150.019027524
-150.003048562
-149.987819778
-149.973346191
-149.959623389
-149.946643742
-149.934389807
-149.922843708
-149.911980913
-149.901773593
-149.892195086
-149.883211647
-149.874792860
-149.866907333
-149.859520598
-149.852603083
-149.846124344
-149.840053239
-149.834363083
-149.829027540
-149.824019855
-149.819316746
-149.814896756
-149.810737952
-149.806820346
-149.803126892
-149.799641107
-149.796346905
-149.793230528
-149.790280076
-149.787484154
-149.784832266
-149.782315552
-149.779925871
-149.777655711
-149.775498265
-149.773447774
-149.771498987
-149.769646371
-149.767884169
-149.766207242
-149.764611969
-149.763094481
-149.761649349
-149.760271164
-149.758955739
-149.757699781
