1.09067151
-1.11567151
-1.14067151
-1.16567151
-1.19067151
-1.21567151
-1.24067151
-1.26567151
-1.29067151
-1.31567151
-1.34067151
-1.36567151
-1.39067151
-1.41567151
-1.44067151
-1.46567151
-1.49067151
-1.51567151
-1.54067151
-1.56567151
-1.59067151
-1.61567151
-1.64067151
-1.66567151
-1.69067151
-1.71567151
-1.74067151
-1.76567151
-1.79067151
-1.81567151
-1.84067151
-1.86567151
-1.89067151
-1.91567151
-1.94067151
-1.96567151
-1.99067151
-2.01567151
-2.04067151
-2.06567151
-2.09067151
-2.11567151
-2.14067151
-2.16567151
-2.19067151
-2.21567151
-2.24067151
-2.26567151
-2.29067151
-2.31567151
-2.34067151
-2.36567151
-2.39067151
-2.41567151
-2.44067151
-2.46567151
-2.49067151
-2.51567151
-2.54067151
-2.56567151
-2.59067151
