-580.987640406
-580.986966800
-580.985122311
-580.982312557
-580.978712967
-580.974473058
-580.969720023
-580.964561807
-580.959089888
-580.953381715
-580.947502801
-580.941508719
-580.935446702
-580.929356986
-580.923273637
-580.917226329
-580.911239320
-580.927614256
-580.924552983
-580.921569705
-580.918664651
-580.915838986
-580.877479542
-580.910432307
-580.867268770
-580.905362838
-580.902957689
-580.900639700
-580.898408947
-580.896264771
-580.894206096
-580.887428284
-580.886474951
-580.885522036
-580.884573969
-580.883634963
-580.882709683
-580.881800209
-580.880909021
-580.880038985
-580.879190811
-580.878365641
-580.877565096
-580.876789481
-580.876039071
-580.875314587
-580.874616387
-580.873944425
-580.873298908
-580.872680010
-580.872087734
-580.871522251
-580.870983403
-580.870470931
-580.869984587
-580.869524556
-580.869089724
-580.868678621
-580.868290940
-580.867926158
-580.867581918
