-683.843549311
-683.842511727
-683.839695979
-683.835469823
-683.830137938
-683.823950375
-683.817111612
-683.809788577
-683.802117419
-683.794209122
-683.786154404
-683.778027685
-683.769889915
-683.761792562
-683.753776243
-683.745875059
-683.738115740
-683.730518964
-683.723100455
-683.715871570
-683.708839993
-683.702010464
-683.695385424
-683.688965894
-683.682751434
-683.676740650
-683.670931427
-683.665321146
-683.659906794
-683.654684950
-683.649651883
-683.644803653
-683.640136187
-683.635645260
-683.631326509
-683.627175433
-683.623187472
-683.619358062
-683.615682640
-683.612156639
-683.608775446
-683.605534313
-683.602428523
-683.599453473
-683.596604553
-683.593877216
-683.591266853
-683.588768722
-683.586378130
-683.584090483
-683.581901097
-683.579805369
-683.577798903
-683.575877340
-683.574036352
-683.572271828
-683.570581315
-683.568958925
-683.567402059
-683.565907554
-683.564472307
