1.00948966
-1.03448966
-1.05948966
-1.08448966
-1.10948966
-1.13448966
-1.15948966
-1.18448966
-1.20948966
-1.23448966
-1.25948966
-1.28448966
-1.30948966
-1.33448966
-1.35948966
-1.38448966
-1.40948966
-1.43448966
-1.45948966
-1.48448966
-1.50948966
-1.53448966
-1.55948966
-1.58448966
-1.60948966
-1.63448966
-1.65948966
-1.68448966
-1.70948966
-1.73448966
-1.75948966
-1.78448966
-1.80948966
-1.83448966
-1.85948966
-1.88448966
-1.90948966
-1.93448966
-1.95948966
-1.98448966
-2.00948966
-2.03448966
-2.05948966
-2.08448966
-2.10948966
-2.13448966
-2.15948966
-2.18448966
-2.20948966
-2.23448966
-2.25948966
-2.28448966
-2.30948966
-2.33448966
-2.35948966
-2.38448966
-2.40948966
-2.43448966
-2.45948966
-2.48448966
-2.50948966
