1.11629500
-1.14129500
-1.16629500
-1.19129500
-1.21629500
-1.24129500
-1.26629500
-1.29129500
-1.31629500
-1.34129500
-1.36629500
-1.39129500
-1.41629500
-1.44129500
-1.46629500
-1.49129500
-1.51629500
-1.54129500
-1.56629500
-1.59129500
-1.61629500
-1.64129500
-1.66629500
-1.69129500
-1.71629500
-1.74129500
-1.766295
-1.79129500
-1.81629500
-1.84129500
-1.86629500
-1.89129500
-1.91629500
-1.94129500
-1.96629500
-1.99129500
-2.01629500
-2.04129500
-2.06629500
-2.09129500
-2.11629500
-2.14129500
-2.16629500
-2.19129500
-2.21629500
-2.24129500
-2.26629500
-2.29129500
-2.31629500
-2.34129500
-2.36629500
-2.39129500
-2.41629500
-2.44129500
-2.46629500
-2.49129500
-2.51629500
-2.54129500
-2.56629500
-2.59129500
-2.61629500
