0.69539900
-0.72039900
-0.74539900
-0.77039900
-0.79539900
-0.82039900
-0.84539900
-0.87039900
-0.89539900
-0.92039900
-0.94539900
-0.97039900
-0.99539900
-1.02039900
-1.04539900
-1.07039900
-1.09539900
-1.12039900
-1.14539900
-1.17039900
-1.19539900
-1.22039900
-1.24539900
-1.27039900
-1.29539900
-1.32039900
-1.34539900
-1.37039900
-1.39539900
-1.42039900
-1.44539900
-1.47039900
-1.49539900
-1.52039900
-1.54539900
-1.57039900
-1.59539900
-1.620399
-1.64539900
-1.67039900
-1.69539900
-1.720399
-1.745399
-1.77039900
-1.79539900
-1.82039900
-1.84539900
-1.87039900
-1.89539900
-1.92039900
-1.94539900
-1.97039900
-1.99539900
-2.02039900
-2.04539900
-2.07039900
-2.09539900
-2.12039900
-2.14539900
-2.17039900
-2.19539900
