-110.627081336
-110.623918914
-110.615639488
-110.603775610
-110.589479990
-110.573610615
-110.556797664
-110.539500282
-110.522053385
-110.504701406
-110.487620857
-110.470935192
-110.454725596
-110.439040905
-110.423906429
-110.409330985
-110.395314496
-110.381851595
-110.368934379
-110.356553746
-110.344699749
-110.333361873
-110.322529147
-110.312189352
-110.302330356
-110.292938716
-110.284000167
-110.275501044
-110.267425896
-110.259759374
-110.252486916
-110.245592257
-110.239059463
-110.232873430
-110.227017582
-110.221475459
-110.216231442
-110.211269404
-110.206572789
-110.202126327
-110.197915429
-110.193925247
-110.190141647
-110.186552009
-110.183144392
-110.179907425
-110.176829500
-110.173901324
-110.171113956
-110.168458493
-110.165926571
-110.163511107
-110.161205636
-110.159003579
-110.156898755
-110.428081265
-110.152960279
-110.427835553
-110.427726753
-110.427626358
-110.427532882
