0.61542801
-0.64042801
-0.66542801
-0.69042801
-0.71542801
-0.74042801
-0.76542801
-0.79042801
-0.81542801
-0.84042801
-0.86542801
-0.89042801
-0.91542801
-0.94042801
-0.96542801
-0.99042801
-1.01542801
-1.04042801
-1.06542801
-1.09042801
-1.11542801
-1.14042801
-1.16542801
-1.19042801
-1.21542801
-1.24042801
-1.26542801
-1.29042801
-1.31542801
-1.34042801
-1.36542801
-1.39042801
-1.41542801
-1.44042801
-1.46542801
-1.49042801
-1.51542801
-1.54042801
-1.56542801
-1.59042801
-1.61542801
-1.64042801
-1.66542801
-1.69042801
-1.71542801
-1.74042801
-1.76542801
-1.79042801
-1.81542801
-1.84042801
-1.86542801
-1.89042801
-1.91542801
-1.94042801
-1.96542801
-1.99042801
-2.01542801
-2.04042801
-2.06542801
-2.09042801
-2.11542801
