0.91021951
-0.93521951
-0.96021951
-0.98521951
-1.01021951
-1.03521951
-1.06021951
-1.08521951
-1.11021951
-1.13521951
-1.16021951
-1.18521951
-1.21021951
-1.23521951
-1.26021951
-1.28521951
-1.31021951
-1.33521951
-1.36021951
-1.38521951
-1.41021951
-1.43521951
-1.46021951
-1.48521951
-1.51021951
-1.53521951
-1.56021951
-1.58521951
-1.61021951
-1.63521951
-1.66021951
-1.68521951
-1.71021951
-1.73521951
-1.76021951
-1.78521951
-1.81021951
-1.83521951
-1.86021951
-1.88521951
-1.91021951
-1.93521951
-1.96021951
-1.98521951
-2.01021951
-2.03521951
-2.06021951
-2.08521951
-2.11021951
-2.13521951
-2.16021951
-2.18521951
-2.21021951
-2.23521951
-2.26021951
-2.28521951
-2.31021951
-2.33521951
-2.36021951
-2.38521951
-2.410220
