-473.294165417
-473.291807650
-473.285579279
-473.276530909
-473.265468263
-473.253006912
-473.239614908
-473.225645778
-473.211364777
-473.196968254
-473.182605214
-473.168389659
-473.154407572
-473.140724331
-473.127395144
-473.114462781
-473.101956091
-473.089898897
-473.078306884
-473.067192092
-473.056564005
-473.046073942
-473.036607618
-473.027430452
-473.018689896
-473.010392915
-473.002532408
-472.995093147
-472.988059848
-472.981416243
-472.975143082
-472.969223382
-472.963638556
-472.958368991
-472.953397868
-473.007927673
-473.007235666
-473.006646181
-473.006151245
-473.005729404
-473.005362187
-473.005046705
-473.004776234
-473.006293713
-473.005878531
-473.005512823
-473.005191184
-473.004905266
-473.004652121
-473.004429525
-473.004229435
-473.004049100
-473.003888159
-473.003742490
-473.003610976
-473.003491210
-473.003380323
-473.003279105
-473.003187050
-473.003103177
-473.003024506
