-51.9900930224
-52.0051720941
-52.0009650113
-51.9961072413
-51.9907570790
-51.9850427184
-51.9790678483
-51.9729175707
-51.9666592403
-51.9603495056
-51.9540314631
-51.9477421915
-51.9415097469
-51.9353577509
-51.9293040298
-51.9233634388
-51.9175464979
-51.9118611690
-51.9051759429
-51.9009054344
-51.8947882717
-51.8897790145
-51.8848966144
-51.8801426959
-51.8755176791
-51.8710219583
-51.8666542819
-51.8624139815
-51.8582998362
-51.8543102993
-51.8504436236
-51.8466978721
-51.8430709191
-51.8395604900
-51.8361642021
-51.8328795346
-51.8297038234
-51.8266343355
-51.8236683411
-51.8208033271
-51.8180352862
-51.8153623214
-51.8127818478
-51.8102898874
-51.8078838972
-51.8055609289
-51.8033182196
-51.8011531730
-51.7990627679
-51.7970443257
-51.7950951560
-51.7932131196
-51.7913957406
-51.7896402572
-51.7879450897
-51.7863076457
-51.7847260276
-51.7831984942
-51.7817229024
-51.7802975085
-51.7789206112
