-381.191736681
-381.190117110
-381.185747814
-381.179263301
-381.171171392
-381.161879505
-381.151716857
-381.140947791
-381.129785806
-381.118404188
-381.106941365
-381.095509906
-381.084199769
-381.073083661
-381.062220164
-381.051657635
-381.041436654
-381.031593259
-381.022161637
-381.013177891
-381.004684292
-380.996732812
-380.989389742
-380.982725390
-380.976800220
-380.971637792
-380.967200985
-380.963394354
-380.960101623
-380.957215525
-380.954656105
-380.952366333
-380.950300197
-380.948424496
-380.946716158
-380.945155755
-380.943726335
-380.942416157
-380.941215174
-380.940114022
-380.939104983
-380.938182951
-380.937340726
-380.936572724
-380.935871397
-380.935234460
-380.934658795
-380.934136076
-380.933660481
-380.933226969
-380.932835164
-380.932486518
-380.932165673
-380.931871928
-380.931602759
-380.931356552
-380.931130547
-380.930922583
-380.930731607
-380.930553206
-380.930388490
