0.76429600
0.78929600
0.81429600
0.83929600
0.86429600
0.88929600
0.91429600
0.93929600
0.96429600
0.98929600
1.01429600
1.03929600
1.06429600
1.08929600
1.11429600
1.13929600
1.16429600
1.18929600
1.21429600
1.23929600
1.26429600
1.28929600
1.31429600
1.33929600
1.36429600
1.38929600
1.41429600
1.43929600
1.46429600
1.48929600
1.51429600
1.53929600
1.56429600
1.58929600
1.61429600
-1.63929600
-1.66429600
1.68929600
-1.71429600
-1.73929600
1.76429600
1.78929600
1.81429600
1.83929600
1.86429600
1.88929600
1.91429600
1.93929600
1.96429600
1.98929600
2.01429600
2.03929600
2.06429600
2.08929600
2.11429600
2.13929600
2.16429600
2.18929600
2.21429600
2.23929600
2.26429600
