0.60153950
-0.62653950
-0.65153950
-0.67653950
-0.70153950
-0.72653950
-0.75153950
-0.776540
-0.80153950
-0.82653950
-0.85153950
-0.87653950
-0.90153950
-0.92653950
-0.95153950
-0.97653950
-1.00153950
-1.02653950
-1.05153950
-1.07653950
-1.10153950
-1.12653950
-1.15153950
-1.17653950
-1.20153950
-1.226540
-1.25153950
-1.27653950
-1.301539
-1.326540
-1.351540
-1.376540
-1.401540
-1.42653950
-1.451540
-1.476540
-1.52653950
-1.551540
-1.576540
-1.62653950
-1.65153950
-1.67653950
-1.70153950
-1.72653950
-1.75153950
-1.77653950
-1.80153950
-1.82653950
-1.85153950
-1.87653950
-1.90153950
-1.92653950
-1.95153950
-1.97653950
-2.00153950
-2.02653950
-2.05153950
-2.07653950
-2.10153950
