0.75341047
-0.77841047
-0.80341047
-0.82841047
-0.85341047
-0.87841047
-0.90341047
-0.92841047
-0.95341047
-0.97841047
-1.00341047
-1.02841047
-1.05341047
-1.07841047
-1.10341047
-1.12841047
-1.15341047
-1.17841047
-1.20341047
-1.22841047
-1.25341047
-1.27841047
-1.30341047
-1.32841047
-1.35341047
-1.37841047
-1.40341047
-1.42841047
-1.45341047
-1.47841047
-1.50341047
-1.52841047
-1.55341047
-1.57841047
-1.60341047
-1.62841047
-1.65341047
-1.67841047
-1.70341047
-1.72841047
-1.75341047
-1.77841047
-1.80341047
-1.82841047
-1.85341047
-1.87841047
-1.90341047
-1.92841047
-1.95341047
-1.97841047
-2.00341047
-2.02841047
-2.05341047
-2.07841047
-2.10341047
-2.12841047
-2.15341047
-2.17841047
-2.20341047
-2.22841047
-2.25341047
