-76.6735379378
-76.6499297722
-76.6270461859
-76.6049610162
-76.5837216715
-76.5633562774
-76.5438790517
-76.5252908964
-76.5075851756
-76.4907462164
-76.5629558661
-76.5674453867
-76.5744313186
-76.5770988620
-76.5793053725
-76.5811188903
-76.5837778069
-76.5847148325
-76.5854425521
-76.5859919135
-76.5863935336
-76.5866732823
-76.5869427842
-76.5869683654
-76.5869401371
-76.5868688543
-76.5867655895
-76.5866373938
-76.5864910596
-76.5863337471
-76.5861706660
-76.5860039084
-76.5855144432
-76.5853622968
-76.5852140396
-76.5850751192
-76.5849470730
-76.5848278284
-76.5847139183
-76.5846051190
-76.5845056284
-76.5844153534
-76.5843306791
-76.5842498659
-76.5841729922
-76.5841010056
-76.5839703110
-76.5839107239
-76.5837999397
