0.90716000
0.93216000
0.95716000
0.98216000
1.00716000
1.03216000
1.05716000
1.08216000
1.10716000
1.13216000
1.15716000
1.18216000
1.23216000
1.25716000
1.28216000
1.30716000
1.35716000
1.38216000
1.40716000
1.43216000
1.45716000
1.48216000
1.53216000
1.55716000
1.58216000
1.60716000
1.63216000
1.65716000
1.68216000
1.70716000
1.73216000
1.75716000
1.83216000
1.85716000
1.88216000
1.90716000
1.93216000
1.95716000
1.98216000
2.00716000
2.03216000
2.05716000
2.08216000
2.10716000
2.13216000
2.15716000
2.20716000
2.23216000
2.28216000
