-682.661636769
-682.659898461
-682.655161530
-682.648074166
-682.639170623
-682.628889909
-682.617591265
-682.605567197
-682.593054407
-682.580243223
-682.567285678
-682.554302461
-682.541388931
-682.528620223
-682.516055145
-682.503739126
-682.491707070
-682.479984822
-682.468590567
-682.457536612
-682.446830010
-682.436473488
-682.426467451
-682.416810072
-682.407496864
-682.398520942
-682.389876629
-682.381556986
-682.373554004
-682.365859891
-682.358466376
-682.351365263
-682.344548050
-682.338006411
-682.331731744
-682.325715774
-682.319949940
-682.314426163
-682.309135965
-682.304071482
-682.299224550
-682.294587335
-682.290152155
-682.285911198
-682.281857077
-682.277982168
-682.274279091
-682.270740477
-682.267358954
-682.264127401
-682.261038423
-682.258084909
-682.255260084
-682.252556926
-682.249968857
-682.247489846
-682.245113751
-682.242834784
-682.240647868
-682.238548030
-682.236530404
