-796.307607781
-796.306254891
-796.302606190
-796.297184664
-796.290407974
-796.282609474
-796.274055512
-796.264959601
-796.255493687
-796.245796624
-796.235980378
-796.226135189
-796.216333617
-796.206633722
-796.197081622
-796.187714908
-796.178562587
-796.169645325
-796.160981142
-796.152584570
-796.144465239
-796.136630508
-796.129085346
-796.121832356
-796.114872597
-796.108204934
-796.101827149
-796.095735114
-796.089923883
-796.084386911
-796.079117110
-796.074106044
-796.069345043
-796.064824314
-796.060533981
-796.056463574
-796.052602443
-796.048939747
-796.045464808
-796.042166744
-796.039035111
-796.036060152
-796.033231648
-796.030540787
-796.027979275
-796.025538404
-796.023211167
-796.020990985
-796.018870789
-796.016844994
-796.014908634
-796.013056146
-796.011282897
-796.009585177
-796.007958833
-796.006399924
-796.004905462
-796.003472493
-796.002097819
-796.000778769
-795.999513124
