-474.563956028
-474.562938976
-474.560212123
-474.556177062
-474.551144833
-474.545355237
-474.538994300
-474.532209988
-474.525122710
-474.517832053
-474.510424214
-474.502970642
-474.495529092
-474.488148914
-474.480872878
-474.473736521
-474.466770066
-474.459998249
-474.453441578
-474.447115244
-474.441028998
-474.435189442
-474.429600820
-474.424264429
-474.419178794
-474.414340641
-474.409744925
-474.405385074
-474.401256315
-474.397345957
-474.393644058
-474.390140486
-474.386824635
-474.383687162
-474.380726264
-474.377917497
-474.375255241
-474.370343589
-474.365924055
-474.363877752
-474.361926690
-474.356656230
-474.355052902
-474.353548727
-474.352106419
-474.344787738
