0.83939168
-0.86439168
-0.88939168
-0.91439168
-0.93939168
-0.96439168
-0.98939168
-1.01439168
-1.03939168
-1.06439168
-1.08939168
-1.11439168
-1.13939168
-1.16439168
-1.18939168
-1.21439168
-1.23939168
-1.26439168
-1.28939168
-1.31439168
-1.33939168
-1.36439168
-1.38939168
-1.41439168
-1.43939168
-1.46439168
-1.48939168
-1.51439168
-1.53939168
-1.56439168
-1.58939168
-1.61439168
-1.63939168
-1.66439168
-1.68939168
-1.71439168
-1.73939168
-1.78939168
-1.83939168
-1.86439168
-1.88939168
-1.96439168
-1.98939168
-2.01439168
-2.03939168
-2.18939168
