-79.1528971687
-79.2071845071
-79.2573897727
-79.3038119059
-79.3467240344
-79.3863864866
-79.4230307358
-79.4568691484
-79.4881122349
-79.5169374434
-79.5435216072
-79.5680162401
-79.5905744157
-79.6113265303
-79.6304037278
-79.6479182610
-79.6639826145
-79.6786941407
-79.6921510059
-79.7044353217
-79.7156312787
-79.7258126939
-79.7350515321
-79.7434098870
-79.7509522616
-79.7577343184
-79.7638083912
-79.7692238707
-79.7740267241
-79.7782607209
-79.7819653017
-79.7851783188
-79.7879343957
-79.7902669662
-79.7922060879
-79.7937804403
-79.7950166283
-79.7959405526
-79.7965725763
-79.7969384233
-79.7970553690
-79.7969435231
-79.7966204102
-79.7961026472
-79.7954055851
-79.7945437570
-79.7935303857
-79.7923780126
-79.7910986396
-79.7897027719
-79.7882004482
-79.7866017772
-79.7849146664
-79.7831477193
-79.7813078705
-79.7794032445
-79.7774395303
-79.7754235270
-79.7733599863
-79.7712545395
-79.7691124757
-79.7669387018
-79.7647370916
-79.7625100790
-79.7602635957
-79.7579994350
-79.7557211794
-79.7534318661
-79.7511342406
-79.7488305093
-79.7465232740
-79.7442148365
-79.7419069401
-79.7396014170
-79.7373002425
-79.7350047567
-79.7327167696
-79.7304374424
-79.7281707603
-79.7259128439
-79.7236667100
-79.7214344257
-79.7192155134
-79.7170123346
-79.7148240267
-79.7126520574
-79.7104968578
-79.7083589728
-79.7062389588
-79.7041368353
-79.7020535666
-79.6999887698
-79.6979432279
-79.6959168675
-79.6939103126
-79.6919227965
-79.6899554836
-79.6880075710
-79.6860800522
-79.6841717187
-79.6822826882
