-111.850833022
-111.849660318
-111.846560271
-111.842051438
-111.836539085
-111.830808255
-111.824547937
-111.817802505
-111.810738591
-111.803480987
-111.796121623
-111.788728111
-111.781351191
-111.774030261
-111.766797144
-111.759678500
-111.752696993
-111.745872012
-111.739220084
-111.732754672
-111.726486860
-111.720425198
-111.714575492
-111.708942232
-111.703527525
-111.698331666
-111.693354443
-111.688593623
-111.684045742
-111.679707184
-111.675572857
-111.671636543
-111.667892001
-111.664332279
-111.660949447
-111.657735613
-111.654683009
-111.651783298
-111.649028818
-111.646411246
-111.643923427
-111.641557984
-111.639307722
-111.637166137
-111.635127243
-111.633185084
-111.631333941
-111.629568565
-111.627884453
-111.626277146
-111.624742175
-111.623275502
-111.621873699
-111.620533511
-111.619251635
-111.618024980
-111.616850871
-111.615726844
-111.614650488
-111.613619490
-111.731517611
