0.95020000
0.97520000
1.00020000
1.02520000
1.05020000
1.07520000
1.10020000
1.12520000
1.15020000
1.17520000
1.20020000
1.22520000
1.25020000
1.27520000
1.30020000
1.32520000
1.35020000
1.37520000
1.40020000
1.42520000
1.45020000
1.47520000
1.50020000
1.52520000
1.55020000
1.57520000
1.60020000
1.62520000
1.65020000
1.67520000
1.70020000
1.72520000
1.75020000
1.77520000
1.80020000
1.82520000
1.85020000
1.87520000
1.90020000
1.92520000
1.95020000
1.97520000
2.00020000
2.02520000
2.05020000
2.07520000
2.10020000
2.12520000
2.15020000
2.17520000
2.20020000
2.22520000
2.25020000
2.27520000
2.30020000
2.32520000
2.35020000
2.37520000
2.40020000
2.42520000
2.45020000
