-114.487100002
-114.483441734
-114.473892399
-114.460187653
-114.443634037
-114.425212161
-114.405655477
-114.385509926
-114.365178801
-114.344956448
-114.325053124
-114.305618609
-114.286757063
-114.268544377
-114.251036333
-114.234283325
-114.218343549
-114.203315468
-114.189419312
-114.177090934
-114.166661267
-114.157984056
-114.150697112
-114.144461254
-114.139026133
-114.134211954
-114.129898242
-114.125993108
-114.122438056
-114.119181906
-114.116189216
-114.113434765
-114.110893537
-114.108549048
-114.106385989
-114.104391655
-114.102556590
-114.100870688
-114.099325653
-114.097913980
-114.096628276
-114.095461925
-114.094407527
-114.093455709
-114.092598294
-114.091831069
-114.091145229
-114.090528271
-114.089972883
-114.089477523
-114.089035281
-114.088634679
-114.088271010
-114.087942505
-114.087646368
-114.087377147
-114.087131574
-114.086906149
-114.086697491
-114.086507636
-114.086333846
