0.59831100
-0.62331100
-0.64831100
-0.67331100
-0.69831100
-0.72331100
-0.74831100
-0.77331100
-0.79831100
-0.82331100
-0.84831100
-0.87331100
-0.89831100
-0.92331100
-0.94831100
-0.97331100
-0.99831100
-1.02331100
-1.04831100
-1.07331100
-1.09831100
-1.12331100
-1.14831100
-1.17331100
-1.19831100
-1.22331100
-1.24831100
-1.27331100
-1.29831100
-1.32331100
-1.34831100
-1.37331100
-1.39831100
-1.42331100
-1.44831100
-1.47331100
-1.49831100
-1.52331100
-1.54831100
-1.57331100
-1.59831100
-1.62331100
-1.64831100
-1.67331100
-1.69831100
-1.72331100
-1.74831100
-1.77331100
-1.79831100
-1.82331100
-1.84831100
-1.87331100
-1.89831100
-1.92331100
-1.94831100
-1.97331100
-1.99831100
-2.02331100
-2.04831100
-2.07331100
-2.09831100
