-581.272633355
-581.271754611
-581.269326275
-581.265625488
-581.260888684
-581.255317309
-581.242331088
-581.235185349
-581.227749810
-581.220111961
-581.212344842
-581.204509046
-581.196654587
-581.224050826
-581.220329265
-581.216800092
-581.213474234
-581.210357527
-581.207448985
-581.204741691
-581.202225324
-581.199956996
-581.197722675
-581.195715982
-581.193864083
-581.193558604
-581.192320866
-581.195473152
-581.190114983
-581.166543179
-581.167528984
-581.168404197
-581.169179853
-581.169864831
-581.170470054
-581.171002894
-581.171470475
-581.171881278
-581.172240547
-581.172553794
-581.172828065
-581.173066907
-581.173274287
-581.173455886
-581.173614399
-581.173752233
-581.173873464
-581.173980521
-581.174074738
-581.174158427
-581.174233550
-581.174301282
-581.174362634
-581.174418559
-581.174470210
-581.174517996
-581.174562597
-581.174604213
-581.174643161
-581.174679876
