1.06251800
-1.08751800
-1.11251800
-1.13751800
-1.16251800
-1.18751800
-1.23751800
-1.26251800
-1.28751800
-1.31251800
-1.33751800
-1.36251800
-1.38751800
-1.41251800
-1.43751800
-1.46251800
-1.48751800
-1.51251800
-1.53751800
-1.56251800
-1.58751800
-1.612518
-1.63751800
-1.66251800
-1.68751800
-1.71251800
-1.73751800
-1.761042
-1.787518
-1.81251800
-1.83751800
-1.86251800
-1.88751800
-1.91251800
-1.93751800
-1.96251800
-1.98751800
-2.01251800
-2.03751800
-2.06251800
-2.08751800
-2.11251800
-2.13751800
-2.16251800
-2.18751800
-2.21251800
-2.23751800
-2.26251800
-2.28751800
-2.31251800
-2.33751800
-2.36251800
-2.38751800
-2.41251800
-2.43751800
-2.46251800
-2.48751800
-2.51251800
-2.53751800
-2.56251800
