-113.309908482
-113.304505446
-113.290531072
-113.270688766
-113.246989610
-113.220920188
-113.193568941
-113.165723396
-113.137945448
-113.110628573
-113.084040105
-113.058352513
-113.033668746
-113.010044161
-112.987502715
-112.966050891
-112.945686722
-112.926405146
-112.908204942
-112.891091450
-112.875087865
-112.860242107
-112.846645666
-112.834454183
-112.823879428
-112.815028209
-112.807695453
-112.801519886
-112.796206740
-112.791548389
-112.787407502
-112.783682242
-112.780305094
-112.777224048
-112.774396941
-112.771795189
-112.769394691
-112.767175564
-112.677421405
-112.671889534
-112.666629449
-112.661631885
-112.758338280
-112.756954664
-112.658654632
-112.644028035
-112.753439881
-112.636477352
-112.632971961
-112.750747819
-112.626447706
-112.623409001
-112.640032208
-112.638272905
-112.636601615
-112.635013130
-112.633497573
-112.632048265
-112.630663382
-112.629338163
-112.628064968
