0.56108200
0.58608200
0.61108200
0.63608200
0.66108200
0.68608200
0.71108200
0.73608200
0.76108200
0.78608200
0.81108200
0.83608200
0.86108200
0.88608200
0.91108200
0.93608200
0.96108200
0.98608200
1.01108200
1.03608200
1.06108200
1.08608200
1.11108200
1.13608200
1.16108200
1.18608200
1.21108200
1.23608200
1.26108200
1.28608200
1.31108200
1.33608200
1.36108200
1.38608200
1.41108200
1.43608200
1.46108200
1.48608200
1.51108200
1.53608200
1.56108200
1.58608200
1.61108200
1.63608200
1.66108200
1.68608200
1.71108200
1.73608200
1.76108200
1.78608200
1.81108200
1.83608200
1.86108200
1.88608200
1.91108200
1.93608200
1.96108200
1.98608200
2.01108200
2.03608200
2.06108200
