-1615.57731994
-1615.57867968
-1615.57997358
-1615.58119086
-1615.58232593
-1615.58337221
-1615.58432714
-1615.58518646
-1615.58594855
-1615.58660998
-1615.58716992
-1615.58762897
-1615.58802424
-1615.58828018
-1615.58843255
-1615.58848166
-1615.58842945
-1615.58827771
-1615.58802537
-1615.58767316
-1615.58722056
-1615.58666895
-1615.58601379
-1615.58527146
-1615.58442679
-1615.58348485
-1615.58244608
-1615.58131267
-1615.58008446
-1615.57876617
-1615.57735977
-1615.57586195
-1615.57428492
-1615.57261948
-1615.57087363
-1615.56904910
-1615.56719843
-1615.56521695
-1615.56316940
-1615.56106772
-1615.55887182
-1615.55701156
-1615.55516694
-1615.55334998
-1615.55153712
-1615.54972819
-1615.54791093
-1615.54608611
-1615.54428081
-1615.54246647
-1615.54739506
-1615.53876533
-1615.54405363
-1615.54228586
-1615.54043332
-1615.53850886
