0.63163709
-0.65663709
-0.68163709
-0.70663709
-0.73163709
-0.75663709
-0.78163709
-0.80663709
-0.83163709
-0.85663709
-0.88163709
-0.90663709
-0.93163709
-0.95663709
-0.98163709
-1.00663709
-1.03163709
-1.05663709
-1.08163709
-1.10663709
-1.13163709
-1.15663709
-1.18163709
-1.20663709
-1.23163709
-1.25663709
-1.28163709
-1.30663709
-1.33163709
-1.35663709
-1.38163709
-1.40663709
-1.43163709
-1.45663709
-1.48163709
-1.50663709
-1.53163709
-1.55663709
-1.58163709
-1.60663709
-1.63163709
-1.65663709
-1.68163709
-1.70663709
-1.731637
-1.75663709
-1.78163709
-1.806637
-1.831752
-1.856637
-1.88163709
-1.906637
-1.931637
-1.95663709
-1.981486
-2.006637
-2.026957
-2.05663709
-2.08163709
-2.105039
-2.13163709
