-379.583298203
-379.581071124
-379.575105648
-379.566330218
-379.555514276
-379.543358223
-379.530582530
-379.514956141
-379.500772696
-379.486434237
-379.472220413
-379.458318649
-379.444886144
-379.432077990
-379.420071938
-379.408972620
-379.398703467
-379.384936555
-379.375245148
-379.366225598
-379.357912723
-379.350344580
-379.343547853
-379.344150306
-379.337754580
-379.332247562
-379.327546887
-379.323494091
-379.319938995
-379.316777516
-379.313940087
-379.311376282
-379.306294714
-379.304235558
-379.302347711
-379.308520018
-379.307114556
-379.296253778
-379.366350695
-379.303588037
-379.302615943
-379.301736616
-379.300939827
-379.321086533
-379.298971989
-379.298441347
-379.355446721
-379.297526905
-379.297135041
-379.296782323
-379.296462757
-379.296173818
-379.295910735
-379.295672281
-379.331338818
-379.295255038
-379.295075321
-379.294912791
-379.294764666
