0.79442700
-0.81942700
-0.84442700
-0.86942700
-0.89442700
-0.91942700
-0.94442700
-0.96942700
-0.99442700
-1.01942700
-1.04442700
-1.06942700
-1.09442700
-1.11942700
-1.14442700
-1.16942700
-1.19442700
-1.21942700
-1.24442700
-1.26942700
-1.29442700
-1.31942700
-1.34442700
-1.36942700
-1.39442700
-1.41942700
-1.44442700
-1.46942700
-1.49442700
-1.51942700
-1.54442700
-1.56942700
-1.59442700
-1.61942700
-1.64442700
-1.69442700
-1.71942700
-1.74442700
-1.76942700
-1.79442700
-1.81942700
-1.84442700
-1.86942700
-1.89442700
-1.94442700
-1.96942700
-1.99442700
-2.01942700
-2.04442700
-2.06942700
-2.09442700
-2.11942700
-2.14442700
-2.16942700
-2.19442700
-2.21942700
-2.24442700
-2.26942700
-2.29442700
