-52.0435997177
-52.0426724005
-52.0401892571
-52.0364752494
-52.0317981064
-52.0263770217
-52.0203940193
-52.0139981983
-52.0073112624
-52.0004334811
-51.9934456313
-51.9864138981
-51.9793909504
-51.9724196925
-51.9655334930
-51.9587598482
-51.9521188479
-51.9456265717
-51.9392952786
-51.9331325207
-51.9271451908
-51.9213361717
-51.9157070707
-51.9102586016
-51.9049883617
-51.8998949141
-51.8949754458
-51.8902265830
-51.8856445271
-51.8812251548
-51.8769641317
-51.8879698343
-51.8849609025
-51.8842861190
-51.8829343322
-51.8511206220
-51.8508454928
-51.8505559512
-51.8502550648
-51.8499467016
-51.8496333242
-51.8493153013
-51.8489951574
-51.8486752331
-51.8483597645
-51.8480476659
-51.8477402618
-51.8474399407
-51.8471483374
-51.8468659647
-51.8465930049
-51.8463305405
-51.8460796941
-51.8458409911
-51.8456157743
-51.8454014687
-51.8451994346
-51.8450097845
-51.8448323908
-51.8446669207
