0.82227400
-0.84727400
-0.87227400
-0.89727400
-0.92227400
-0.94727400
-0.97227400
-0.99727400
-1.02227400
-1.04727400
-1.07227400
-1.09727400
-1.12227400
-1.14727400
-1.17227400
-1.19727400
-1.22227400
-1.24727400
-1.27227400
-1.29727400
-1.32227400
-1.34727400
-1.37227400
-1.39727400
-1.42227400
-1.44727400
-1.47227400
-1.49727400
-1.52227400
-1.54727400
-1.57227400
-1.597274
-1.622274
-1.647274
-1.672274
-1.72227400
-1.74727400
-1.77227400
-1.79727400
-1.82227400
-1.84727400
-1.87227400
-1.89727400
-1.92227400
-1.94727400
-1.97227400
-1.99727400
-2.02227400
-2.04727400
-2.07227400
-2.09727400
-2.12227400
-2.14727400
-2.17227400
-2.19727400
-2.22227400
-2.24727400
-2.27227400
-2.29727400
-2.32227400
