-582.173419010
-582.173314270
-582.173027817
-582.172591909
-582.172033262
-582.171373432
-582.170627322
-582.169806204
-582.168917239
-582.167966677
-582.166960039
-582.165903223
-582.164803619
-582.163667794
-582.162502457
-582.161313686
-582.160108098
-582.158892786
-582.157673036
-582.156453750
-582.155238822
-582.154032115
-582.152839279
-582.151663515
-582.150507204
-582.149372787
-582.148260657
-582.147172980
-582.146112869
-582.145081645
-582.144080065
-582.143107937
-582.142164427
-582.141250416
-582.140367363
-582.139516202
-582.138696772
-582.137907871
-582.137148589
-582.136419248
-582.135720345
-582.135052335
-582.134415609
-582.133809377
-582.133232233
-582.132684037
-582.132165832
-582.131677581
-582.131218331
-582.130788062
-582.130386871
-582.130012921
-582.129664199
-582.129340943
-582.129043604
-582.128769608
-582.128515682
-582.128280921
-582.128065513
-582.127867246
-582.127683552
