1.37629201
-1.40129201
-1.42629201
-1.45129201
-1.47629201
-1.50129201
-1.52629201
-1.55129201
-1.57629201
-1.60129201
-1.62629201
-1.65129201
-1.67629201
-1.70129201
-1.72629201
-1.75129201
-1.77629201
-1.80129201
-1.82629201
-1.85129201
-1.87629201
-1.90129201
-1.92629201
-1.95129201
-1.97629201
-2.00129201
-2.02629201
-2.05129201
-2.07629201
-2.10129201
-2.12629201
-2.15129201
-2.17629201
-2.20129201
-2.22629201
-2.25129201
-2.27629201
-2.30129201
-2.32629201
-2.35129201
-2.37629201
-2.40129201
-2.42629201
-2.45129201
-2.47629201
-2.50129201
-2.52629201
-2.55129201
-2.57629201
-2.60129201
-2.62629201
-2.65129201
-2.67629201
-2.70129201
-2.72629201
-2.75129201
-2.77629201
-2.80129201
-2.82629201
-2.85129201
-2.87629201
