-438.675099950
-438.674314451
-438.672164512
-438.668954340
-438.664927456
-438.660279879
-438.655169825
-438.649725394
-438.644050308
-438.638228622
-438.632327985
-438.626402206
-438.620493850
-438.614635976
-438.608854331
-438.603168533
-438.597593997
-438.592142359
-438.586822851
-438.581642682
-438.576607340
-438.571721314
-438.566987544
-438.562408575
-438.557985530
-438.553718984
-438.549608680
-438.545653540
-438.541851890
-438.538201306
-438.534698835
-438.531341217
-438.528124669
-438.525044817
-438.522097439
-438.519278281
-438.516582705
-438.514005659
-438.511542830
-438.509189876
-438.506941962
-438.504794597
-438.502743522
-438.500785934
-438.498914755
-438.497127083
-438.495419099
-438.493787680
-438.492228045
-438.490736859
-438.489309162
-438.487945596
-438.486640761
-438.485391648
-438.484197446
-438.483050583
-438.481953340
-438.480903081
-438.479892484
-438.478927456
-438.477999562
