-53.2353453934
-53.2352345323
-53.2349344244
-53.2344833134
-53.2339146826
-53.2332572229
-53.2325290919
-53.2317491792
-53.2309271310
-53.2300722420
-53.2291944069
-53.2282977098
-53.2273849170
-53.2264619669
-53.2255330194
-53.2246011024
-53.2236700094
-53.2227364693
-53.2218022736
-53.2208770512
-53.2199622986
-53.2190540130
-53.2181535782
-53.2172661854
-53.2163938052
-53.2155364614
-53.2146958824
-53.2138721377
-53.2130658033
-53.2122781805
-53.2115106611
-53.2107631914
-53.2100360617
-53.2093298273
-53.2086452589
-53.2079806232
-53.2073348040
-53.2067093628
-53.2061065046
-53.2055272268
-53.2049687284
-53.2044266734
-53.2039003095
-53.2033942408
-53.2029125010
-53.2024540499
-53.2020128846
-53.2015833314
-53.2011667427
-53.2007699498
-53.2003970267
-53.2000449341
-53.1997069786
-53.1993782923
-53.1990606461
-53.1987593108
-53.1984774418
-53.1982135467
-53.1979634715
-53.1977228546
-53.1974918753
