-379.975425314
-379.972658057
-379.965210519
-379.954217772
-379.940596531
-379.925082580
-379.908267954
-379.890630406
-379.872551750
-379.854340055
-379.836241137
-379.818449510
-379.801114920
-379.784347755
-379.768221931
-379.752783272
-379.738055404
-379.724050564
-379.710775263
-379.698236203
-379.686444310
-379.675415221
-379.665174327
-379.655753774
-379.647182584
-379.639459358
-379.632520801
-379.626263868
-379.620581720
-379.615375512
-379.610571663
-379.606118854
-379.601969888
-379.598086283
-379.594443930
-379.591021743
-379.587799154
-379.584757418
-379.581889148
-379.579181497
-379.576624999
-379.574207323
-379.571925485
-379.569774177
-379.567744014
-379.565824790
-379.564016437
-379.562315122
-379.560714187
-379.559201537
-379.557774196
-379.556433095
-379.555171822
-379.553980608
-379.552852543
-379.551787329
-379.550781980
-379.549830074
-379.548924802
-379.548062958
-379.547245821
