0.76537700
-0.79037700
-0.81537700
-0.84037700
-0.86537700
-0.89037700
-0.91537700
-0.94037700
-0.96537700
-0.99037700
-1.01537700
-1.04037700
-1.06537700
-1.09037700
-1.11537700
-1.14037700
-1.16537700
-1.19037700
-1.21537700
-1.24037700
-1.26537700
-1.29037700
-1.31537700
-1.34037700
-1.36537700
-1.39037700
-1.41537700
-1.44037700
-1.46537700
-1.49037700
-1.51537700
-1.54037700
-1.56537700
-1.59037700
-1.61537700
-1.64037700
-1.66537700
-1.69037700
-1.71537700
-1.74037700
-1.76537700
-1.79037700
-1.81537700
-1.84037700
-1.86537700
-1.89037700
-1.91537700
-1.94037700
-1.96537700
-1.99037700
-2.01537700
-2.04037700
-2.06537700
-2.09037700
-2.11537700
-2.14037700
-2.16537700
-2.19037700
-2.21537700
-2.24037700
-2.26537700
