-77.4910973105
-77.5514834413
-77.6070233698
-77.6580537579
-77.7048893207
-77.7478234733
-77.7871299870
-77.8230639009
-77.8558623631
-77.8857422051
-77.9129171934
-77.9375732232
-77.9598890444
-77.9800286211
-77.9981455509
-78.0143827329
-78.0288729367
-78.0417394997
-78.0530973430
-78.0630532839
-78.0717074897
-78.0791523331
-78.0736266665
-78.0787896301
-78.0829858786
-78.1286283935
-78.1371091393
-78.1446924360
-78.1514366974
-78.1573979894
-78.1626289918
-78.1671787751
-78.1710930917
-78.1744150730
-78.1771849442
-78.1794412480
-78.1812187654
-78.1825507673
-78.1834686337
-78.1840015572
-78.1841766690
-78.1840197140
-78.1835548785
-78.1828048353
-78.1817905688
-78.1805330153
-78.1790491937
-78.1773576604
-78.1754742538
-78.1734143856
-78.1711924049
-78.1688218978
-78.1663155477
-78.1636850835
-78.1609414410
-78.1580949506
-78.1551553637
-78.1521317641
-78.1490325447
-78.1458659473
-78.1426383795
-78.1393571604
-78.1360286920
-78.1326601481
-78.1292553418
-78.1258201103
-78.1223593079
-78.1188774754
-78.1153788179
-78.1118672510
-78.1083462753
-78.1048193408
-78.1012900570
-78.0977603789
-78.0942334126
-78.0907117368
-78.0871976127
-78.0836931713
-78.0802003951
-78.0767210847
-78.0732570262
-78.0698096710
-78.0663818829
-78.0629725781
-78.0595845109
-78.0562178442
-78.0528740879
-78.0495541806
-78.0462589445
-78.0429891058
-78.0397453280
-78.0365282595
-78.0333385853
-78.0301781726
-78.0270451214
-78.0239402717
-78.0208655837
-78.0178205291
-78.0148043001
-78.0118186283
-78.0088628202
