0.93126351
-0.95626351
-0.98126351
-1.00626351
-1.03126351
-1.05626351
-1.08126351
-1.10626351
-1.13126351
-1.15626351
-1.18126351
-1.20626351
-1.23126351
-1.25626351
-1.28126351
-1.30626351
-1.33126351
-1.35626351
-1.38126351
-1.40626351
-1.43126351
-1.45626351
-1.48126351
-1.50626351
-1.53126351
-1.55626351
-1.58126351
-1.60626351
-1.63126351
-1.65626351
-1.68126351
-1.70626351
-1.73126351
-1.75626351
-1.78126351
-1.80626351
-1.83126351
-1.85626351
-1.88126351
-1.90626351
-1.93126351
-1.95626351
-1.98126351
-2.00626351
-2.03126351
-2.05626351
-2.08126351
-2.10626351
-2.13126351
-2.15626351
-2.18126351
-2.20626351
-2.23126351
-2.25626351
-2.28126351
-2.30626351
-2.33126351
-2.35626351
-2.38126351
-2.40626351
-2.43126351
