-382.423971897
-382.423230744
-382.421217106
-382.418204523
-382.414416305
-382.410035503
-382.405210528
-382.400061872
-382.394686975
-382.389164238
-382.383556607
-382.377914519
-382.372278590
-382.366680781
-382.361146963
-382.355697589
-382.350348417
-382.345111843
-382.339997143
-382.335011230
-382.330159036
-382.325443836
-382.320867891
-382.316432166
-382.312137127
-382.307982102
-382.303966250
-382.300088298
-382.296346276
-382.292738129
-382.289261413
-382.285913426
-382.282691323
-382.279592160
-382.276612563
-382.273749236
-382.270998915
-382.268358194
-382.265823658
-382.263391663
-382.261058969
-382.258822252
-382.256678072
-382.254623167
-382.252654407
-382.250768811
-382.248963192
-382.247234458
-382.245579861
-382.243996659
-382.242481988
-382.241032865
-382.239646483
-382.238320430
-382.237052106
-382.235838719
-382.234677425
-382.233565901
-382.232501994
-382.231483221
-382.230507143
