-579.732895146
-579.732445063
-579.748249531
-579.745874847
-579.743000415
-579.740347611
-579.737640285
-579.734861627
-579.727234118
-579.725626175
-579.712581037
-579.710040338
-579.720472312
-579.705062770
-579.702639378
-579.715159239
-579.697959644
-579.709968375
-579.708469397
-579.706980573
-579.705516146
-579.704086394
-579.702697833
-579.701350392
-579.700042535
-579.698771834
-579.697536005
-579.696333446
-579.695162953
-579.694023255
-579.692913272
-579.691831665
-579.690777119
-579.689748351
-579.688744009
-579.687763070
-579.686804792
-579.685868733
-579.684954656
-579.684062592
-579.683192619
-579.682344804
-579.681519640
-579.680717621
-579.679939214
-579.679185189
-579.678455831
-579.677751159
-579.677071780
-579.676418468
-579.675791501
-579.675191082
-579.674617448
-579.674070917
-579.673551960
-579.673060706
-579.672596665
-579.672159511
-579.671749489
-579.671365948
