-437.441704117
-437.439802545
-437.434698081
-437.427162253
-437.417811805
-437.407138550
-437.395533959
-437.383310408
-437.370714417
-437.357942202
-437.345147665
-437.332453567
-437.319955213
-437.307729273
-437.295835492
-437.284324882
-437.273242101
-437.262634050
-437.252555656
-437.243079602
-437.234300691
-437.226326189
-437.219245279
-437.213087335
-437.207793754
-437.203232350
-437.199257021
-437.195740070
-437.192584700
-437.189726345
-437.187112016
-437.184703971
-437.182479921
-437.180418548
-437.178502612
-437.176722857
-437.175070647
-437.173537345
-437.172117995
-437.170805974
-437.169595722
-437.168483969
-437.167467362
-437.166538743
-437.165691092
-437.164918805
-437.164223315
-437.163596737
-437.163026888
-437.162508264
-437.162042496
-437.161626301
-437.161249520
-437.160904787
-437.160591266
-437.160304840
-437.160043363
-437.159807290
-437.159590699
-437.159391038
-437.159202696
