0.80213956
-0.82713956
-0.85213956
-0.87713956
-0.90213956
-0.92713956
-0.95213956
-0.97713956
-1.00213956
-1.02713956
-1.05213956
-1.07713956
-1.10213956
-1.12713956
-1.15213956
-1.17713956
-1.20213956
-1.22713956
-1.25213956
-1.27713956
-1.30213956
-1.32713956
-1.35213956
-1.37713956
-1.40213956
-1.42713956
-1.45213956
-1.47713956
-1.50213956
-1.52713956
-1.55213956
-1.57713956
-1.60213956
-1.62713956
-1.65213956
-1.67713956
-1.70213956
-1.72713956
-1.75213956
-1.77713956
-1.80213956
-1.82713956
-1.85213956
-1.87713956
-1.90213956
-1.92713956
-1.95213956
-1.97713956
-2.00213956
-2.02713956
-2.05213956
-2.07713956
-2.10213956
-2.12713956
-2.15213956
-2.17713956
-2.20213956
-2.22713956
-2.25213956
-2.27713956
-2.30213956
