-579.997246975
-579.995803650
-579.991816508
-579.985753751
-579.978016261
-579.968944035
-579.958827499
-579.947912716
-579.936407790
-579.924488081
-579.912300746
-579.899968686
-579.992134844
-579.992042181
-579.991491696
-579.990555144
-579.989292434
-579.987753703
-579.985981297
-579.984011530
-579.981875787
-579.905764209
-579.905478687
-579.905054478
-579.904515929
-579.903883896
-579.903175824
-579.902406258
-579.901586956
-579.900727673
-579.899836314
-579.898919602
-579.897982464
-579.897030434
-579.896067433
-579.895097127
-579.894123612
-579.893149063
-579.892177416
-579.891211851
-579.890253640
-579.889307221
-579.888374470
-579.887456380
-579.886556861
-579.885677089
-579.884817506
-579.883980794
-579.883167961
-579.882378776
-579.881614475
-579.880875842
-579.880162361
-579.879474130
-579.878811248
-579.878173220
-579.877559284
-579.876969452
-579.876402779
-579.875857557
-579.875334471
