0.97870500
-1.00370500
-1.02870500
-1.05370500
-1.07870500
-1.10370500
-1.12870500
-1.15370500
-1.17870500
-1.20370500
-1.22870500
-1.25370500
-1.27870500
-1.30370500
-1.32870500
-1.35370500
-1.37870500
-1.40370500
-1.42870500
-1.45370500
-1.47870500
-1.50370500
-1.52870500
-1.55370500
-1.57870500
-1.60370500
-1.62870500
-1.65370500
-1.67870500
-1.70370500
-1.72870500
-1.75370500
-1.77870500
-1.80370500
-1.82870500
-1.85370500
-1.87870500
-1.90370500
-1.92870500
-1.95370500
-1.97870500
-2.00370500
-2.02870500
-2.05370500
-2.07870500
-2.10370500
-2.12870500
-2.15370500
-2.17870500
-2.20370500
-2.22870500
-2.25370500
-2.27870500
-2.30370500
-2.32870500
-2.35370500
-2.37870500
-2.40370500
-2.42870500
-2.45370500
-2.47870500
