-797.556078585
-797.555415049
-797.553595849
-797.550847676
-797.547352699
-797.543263845
-797.538710020
-797.533800082
-797.528625152
-797.523261836
-797.517773814
-797.512214227
-797.506627333
-797.501049721
-797.495512003
-797.490040201
-797.484656105
-797.479378150
-797.474221821
-797.469200045
-797.464323368
-797.459602118
-797.455041084
-797.450644592
-797.446415605
-797.442355605
-797.438464788
-797.434742184
-797.431185857
-797.427792788
-797.424559161
-797.421480605
-797.418552157
-797.415768599
-797.413123716
-797.410611628
-797.408207791
-797.405958184
-797.403804119
-797.401756480
-797.399802857
-797.397956528
-797.396192334
-797.394508154
-797.392910537
-797.391382611
-797.389922026
-797.388532104
-797.387202079
-797.385932042
-797.384722708
-797.383555355
-797.382439113
-797.381382171
-797.380371680
-797.379392466
-797.378471311
-797.377568992
-797.376723420
-797.375901848
-797.375135775
