1.04319129
-1.06819129
-1.09319129
-1.11819129
-1.14319129
-1.16819129
-1.19319129
-1.21819129
-1.24319129
-1.26819129
-1.29319129
-1.31819129
-1.34319129
-1.36819129
-1.39319129
-1.41819129
-1.44319129
-1.46819129
-1.49319129
-1.51819129
-1.54319129
-1.56819129
-1.59319129
-1.61819129
-1.64319129
-1.66819129
-1.69319129
-1.71819129
-1.74319129
-1.76819129
-1.79319129
-1.81819129
-1.84319129
-1.86819129
-1.89319129
-1.91819129
-1.94319129
-1.96819129
-1.99319129
-2.01819129
-2.04319129
-2.06819129
-2.09319129
-2.118191
-2.14319129
-2.16819129
-2.193191
-2.218191
-2.24319129
-2.268191
-2.29319129
-2.318191
-2.34319129
-2.368191
-2.39319129
-2.418191
-2.443191
-2.46819129
-2.49319129
-2.51819129
-2.54319129
