-92.9149677910
-92.9107960561
-92.8998688697
-92.8841872687
-92.8653137716
-92.8445287426
-92.8236771449
-92.8051609544
-92.7773567608
-92.7558999387
-92.7354215847
-92.7162230415
-92.6984255142
-92.6820074092
-92.6668992725
-92.6530335148
-92.6403613670
-92.6288698985
-92.6185918046
-92.6095991724
-92.6019603446
-92.5956376245
-92.5904531352
-92.6734346098
-92.6700246071
-92.5795018143
-92.6639347699
-92.6612005606
-92.6586504884
-92.6562699741
-92.6540477703
-92.6519739812
-92.6500401690
-92.6482369297
-92.6465556819
-92.6449912805
-92.6421800821
-92.6409199081
-92.6397531501
-92.5788515366
-92.5780842973
-92.5774479346
-92.5769118573
-92.5764562191
-92.5760648581
-92.5757276753
-92.5754374933
-92.5751872595
-92.5749712174
-92.5747836249
-92.5746198574
-92.5744775129
-92.5743543107
-92.5742487184
-92.5741573180
-92.5740772456
-92.5740071061
-92.5739478051
-92.5739002797
