-50.7868501722
-50.7851911489
-50.7806814584
-50.7739090195
-50.7653553126
-50.7554191823
-50.7444302362
-50.7326604087
-50.7203345961
-50.7076389390
-50.6947259225
-50.6817211856
-50.6687268093
-50.6558252400
-50.6430825874
-50.6305506851
-50.6182699831
-50.6062710254
-50.5945762075
-50.5832027589
-50.5721611273
-50.5614579546
-50.5510974610
-50.5410795258
-50.6272689207
-50.6244740849
-50.6218864091
-50.6194924917
-50.5478726678
-50.5495282113
-50.5510347039
-50.5524048324
-50.5536479557
-50.5547700994
-50.5557833407
-50.5566997564
-50.5575251574
-50.5582668519
-50.5589364047
-50.5595416642
-50.5600867073
-50.5605780335
-50.5610239279
-50.5614295870
-50.5617980753
-50.5621337426
-50.5624420690
-50.5627265420
-50.5629896617
-50.5632335685
-50.5634619340
-50.5636767813
-50.5638801299
-50.5640728705
-50.5642570217
-50.5644343890
-50.5646056020
-50.5647716597
-50.5649326754
-50.5650904262
