0.74140401
-0.76640401
-0.79140401
-0.81640401
-0.84140401
-0.86640401
-0.89140401
-0.91640401
-0.94140401
-0.96640401
-0.99140401
-1.01640401
-1.04140401
-1.06640401
-1.09140401
-1.11640401
-1.14140401
-1.16640401
-1.19140401
-1.21640401
-1.24140401
-1.26640401
-1.29140401
-1.31640401
-1.341404
-1.366404
-1.391404
-1.416404
-1.46640401
-1.49140401
-1.51640401
-1.54140401
-1.56640401
-1.59140401
-1.61640401
-1.64140401
-1.66640401
-1.69140401
-1.71640401
-1.74140401
-1.76640401
-1.79140401
-1.81640401
-1.84140401
-1.86640401
-1.89140401
-1.91640401
-1.94140401
-1.96640401
-1.99140401
-2.01640401
-2.04140401
-2.06640401
-2.09140401
-2.11640401
-2.14140401
-2.16640401
-2.19140401
-2.21640401
-2.24140401
