1.210825
1.22507
1.2393150000000002
1.25356
1.267805
1.2820500000000001
1.2962950000000002
1.31054
1.324785
1.33903
1.353275
1.36752
1.3817650000000001
1.39601
1.410255
1.4245
1.4387450000000002
1.4529900000000002
1.467235
1.4814800000000001
1.4957250000000002
1.5099700000000003
1.524215
1.5384600000000002
1.5527050000000002
1.5669500000000003
1.5811950000000004
1.5954400000000002
1.609685
1.6239299999999999
1.638175
1.65242
1.666665
1.6809100000000001
1.695155
1.7094
1.723645
1.7378900000000002
1.752135
1.76638
1.7806250000000001
1.7948700000000002
1.8091150000000003
1.82336
1.8376050000000002
1.8518500000000002
1.8660950000000003
1.8803400000000001
1.8945850000000002
1.9088300000000002
1.9230750000000003
1.9373200000000004
1.9515650000000002
1.96581
1.980055
1.9943
2.0085450000000002
2.02279
2.037035
2.05128
2.065525
2.07977
2.094015
2.10826
2.1225050000000003
2.13675
2.150995
2.1652400000000003
2.179485
2.1937300000000004
2.2079750000000002
2.22222
2.2364650000000004
2.25071
2.264955
2.2792000000000003
