-14.02199074
-14.72300693
-15.34899151
-15.90499941
-16.39589278
-16.82524114
-17.19958801
-17.5222959
-17.79761132
-18.02930602
-18.22005768
-18.37168784
-18.48579587
-18.5643236
-18.60968081
-18.62441891
-18.61098804
-18.57167754
-18.50859658
-18.42367721
-18.3186993
-18.19532075
-18.05509504
-17.89821993
-17.72859598
-17.54622256
-17.35232132
-17.14803857
-16.93443507
-16.71253202
-16.48329862
-16.24762806
-16.0063881
-15.76038394
-15.51038347
-15.25711348
-15.00126469
-14.74350785
-14.4844778
-14.22479843
-13.96506524
-13.70584642
-13.44764311
-13.1908344
-12.93767069
-12.68673833
-12.43957404
-12.19447008
-11.95899404
-11.72820881
-11.50035026
-11.27863163
-11.06350361
-10.85276983
-10.64713608
-10.44999345
-10.26348293
-10.07989456
-9.89816509
-9.72094124
-9.54747477
-9.37561657
-9.20594519
-9.0387821
-8.87431101
-8.71289903
-8.55488902
-8.39963596
-8.24920956
-8.10464916
-7.96574654
-7.83171354
-7.70128041
-7.57289353
-7.44610014
-7.32100018
