-0.74081
-0.67752
-0.62654
-0.57555
-0.53062
-0.4854
-0.45051
-0.41509
-0.38425
-0.35733
-0.33121
-0.30948
-0.29065
-0.27362
-0.25728
-0.24535
-0.23246
-0.22217
-0.21261
-0.20431
-0.19626
-0.18937
-0.18366
-0.17797
-0.17237
-0.1677
-0.16364
-0.15957
-0.1559
-0.15255
-0.14882
-0.14567
-0.14409
-0.14134
-0.13905
-0.13704
-0.13551
-0.13406
-0.13242
-0.13162
-0.1305
-0.12905
-0.12857
-0.12743
-0.12604
-0.12542
-0.12508
-0.12342
-0.12257
-0.12109
-0.1208
-0.11919
-0.11906
-0.11904
-0.11795
-0.11671
-0.11597
-0.11557
-0.1151
-0.11482
-0.11437
-0.11346
-0.11218
-0.11224
-0.11114
-0.11051
-0.1096
-0.10846
-0.1074
-0.10605
-0.10482
-0.10458
-0.10304
-0.10208
-0.10224
-0.10149
