-93.4144428974
-93.4089780018
-93.3946703019
-93.3740802065
-93.3491752618
-93.3214685253
-93.2921228229
-93.2620283813
-93.2318641000
-93.2021415456
-93.1732384192
-93.1454248832
-93.1188815621
-93.0937170334
-93.0699857954
-93.0477065655
-93.0268805588
-93.0075076835
-92.9895955769
-92.9731696661
-92.9582746740
-92.9449659090
-92.9332659794
-92.9230919415
-92.9142296992
-92.9064322312
-92.8994800391
-92.8932127520
-92.8875101293
-92.8822820594
-92.8774639255
-92.8729993650
-92.8688506095
-92.8649843421
-92.8613697880
-92.8579886937
-92.8548224235
-92.8518510307
-92.8490630429
-92.8464490519
-92.8439958650
-92.8416892691
-92.8395276472
-92.8375024188
-92.8355976099
-92.8338081454
-92.8321323010
-92.8305605742
-92.8290764756
-92.8276798828
-92.8263690897
-92.8251331690
-92.8239600841
-92.8228494226
-92.8218001033
-92.8208011514
-92.8198495414
-92.8189439601
-92.8180814032
-92.8172497385
-92.8164515210
