0.93849500
0.96349500
0.98849500
1.01349500
1.03849500
1.06349500
1.08849500
1.11349500
1.13849500
1.16349500
1.18849500
1.21349500
1.23849500
1.26349500
1.28849500
1.31349500
1.33849500
1.36349500
1.38849500
1.41349500
1.43849500
1.46349500
1.48849500
1.51349500
1.53849500
1.56349500
1.58849500
1.61349500
1.63849500
1.66349500
1.68849500
1.71349500
1.73849500
1.76349500
1.78849500
1.81349500
1.83849500
1.86349500
1.88849500
1.91349500
1.93849500
1.96349500
1.98849500
2.01349500
2.03849500
2.06349500
2.08849500
2.11349500
2.13849500
2.16349500
2.18849500
2.21349500
2.23849500
2.26349500
2.28849500
2.31349500
2.33849500
2.36349500
2.38849500
2.41349500
2.43849500
