0.83045248
-0.85545248
-0.88045248
-0.90545248
-0.93045248
-0.95545248
-0.98045248
-1.00545248
-1.03045248
-1.05545248
-1.08045248
-1.10545248
-1.13045248
-1.15545248
-1.18045248
-1.20545248
-1.23045248
-1.25545248
-1.28045248
-1.30545248
-1.33045248
-1.35545248
-1.38045248
-1.40545248
-1.43045248
-1.45545248
-1.48045248
-1.50545248
-1.53045248
-1.55545248
-1.58045248
-1.60545248
-1.63045248
-1.65545248
-1.68045248
-1.70545248
-1.73045248
-1.75545248
-1.78045248
-1.80545248
-1.83045248
-1.85545248
-1.88045248
-1.90545248
-1.93045248
-1.95545248
-1.98045248
-2.00545248
-2.03045248
-2.05545248
-2.08045248
-2.10545248
-2.13045248
-2.15545248
-2.18045248
-2.20545248
-2.23045248
-2.25545248
-2.280452
-2.30545248
-2.330452
