-95.8347339521
-95.8335168288
-95.8302561549
-95.8254787306
-95.8195944064
-95.8129220840
-95.8057090027
-95.7981469423
-95.7903842817
-95.7825355394
-95.7746875417
-95.7669055834
-95.7592373597
-95.7517171602
-95.7443682720
-95.7372069650
-95.7302440560
-95.7234866887
-95.7169394781
-95.7106052496
-95.7044854445
-95.6985804855
-95.6928897851
-95.6874119734
-95.6821448005
-95.6770853797
-95.6722301806
-95.6675751227
-95.6631156485
-95.6588469003
-95.6547637610
-95.6508608986
-95.6471328921
-95.6435740172
-95.6401786115
-95.6369408241
-95.6338546620
-95.6309140785
-95.6281130624
-95.6254453376
-95.6229047677
-95.6204850976
-95.6181804316
-95.6159847336
-95.6138921102
-95.6118970800
-95.6099944005
-95.6081790406
-95.6064458600
-95.6047904238
-95.6032085763
-95.6016962335
-95.6002494969
-95.5988648743
-95.5975391625
-95.5962692561
-95.5950520507
-95.5938849866
-95.5927657647
-95.5916917548
-95.5906608384
