0.73054223
-0.75554223
-0.78054223
-0.80554223
-0.83054223
-0.85554223
-0.88054223
-0.90554223
-0.93054223
-0.95554223
-0.98054223
-1.00554223
-1.03054223
-1.05554223
-1.08054223
-1.10554223
-1.13054223
-1.15554223
-1.18054223
-1.20554223
-1.23054223
-1.25554223
-1.28054223
-1.30554223
-1.33054223
-1.35554223
-1.38054223
-1.40554223
-1.43054223
-1.45554223
-1.48054223
-1.50554223
-1.53054223
-1.55554223
-1.58054223
-1.60554223
-1.63054223
-1.65554223
-1.68054223
-1.70554223
-1.73054223
-1.75554223
-1.78054223
-1.80554223
-1.83054223
-1.85554223
-1.88054223
-1.90554223
-1.93054223
-1.95554223
-1.98054223
-2.00554223
-2.03054223
-2.05554223
-2.08054223
-2.10554223
-2.13054223
-2.15554223
-2.18054223
-2.20554223
-2.23054223
