-80.3804043789
-80.3776212292
-80.3702023061
-80.3593164932
-80.3458848777
-80.3306359385
-80.3141471394
-80.2968808864
-80.2792149547
-80.2614697032
-80.2439364905
-80.2733880879
-80.2418929355
-80.2530186608
-80.2436864383
-80.2349621844
-80.5347075065
-80.2194082988
-80.1924703320
-80.2015443558
-80.1853374350
-80.1827290219
-80.1915475062
-80.1862132645
-80.1838844304
-80.1817656917
-80.1798330458
-80.1390860168
-80.1666132820
-80.1660991040
-80.1655572328
-80.1649936513
-80.1644151895
-80.1638267503
-80.1632324099
-80.1626368079
-80.1620437655
-80.1614562579
-80.1608780890
-80.1603113274
-80.1597574860
-80.1592183108
-80.1586975959
-80.1581954321
-80.1577102294
-80.1572427975
-80.1567968693
-80.1563716278
-80.1559633667
-80.1555719551
-80.1552227472
-80.1548749501
-80.1545430307
-80.1542256967
-80.1538817500
-80.1535905548
-80.1533137832
-80.1530488675
-80.1528587110
