0.65273421
-0.67773421
-0.70273421
-0.72773421
-0.75273421
-0.77773421
-0.80273421
-0.82773421
-0.85273421
-0.87773421
-0.90273421
-0.927734
-0.95273421
-0.977734
-1.00273421
-1.027734
-1.052734
-1.077734
-1.12773421
-1.155503
-1.177734
-1.20273421
-1.227734
-1.277734
-1.30273421
-1.32773421
-1.35273421
-1.37773421
-1.40273421
-1.42773421
-1.45273421
-1.47773421
-1.50273421
-1.52773421
-1.55273421
-1.57773421
-1.60273421
-1.62773421
-1.65273421
-1.67773421
-1.70273421
-1.72773421
-1.75273421
-1.77773421
-1.80273421
-1.82773421
-1.85273421
-1.87773421
-1.90273421
-1.92773421
-1.95273421
-1.97773421
-2.00273421
-2.027734
-2.05273421
-2.07773421
-2.10273421
-2.12773421
-2.152734
