1.10297457
-1.12797457
-1.152975
-1.177975
-1.202975
-1.227975
-1.252975
-1.277975
-1.327975
-1.352975
-1.37797457
-1.40297457
-1.427975
-1.45297457
-1.47797457
-1.50297457
-1.52797457
-1.55297457
-1.57797457
-1.60297457
-1.62797457
-1.65297457
-1.67797457
-1.70297457
-1.72797457
-1.75297457
-1.77797457
-1.80297457
-1.82797457
-1.85297457
-1.87797457
-1.90297457
-1.92797457
-1.95297457
-1.97797457
-2.00297457
-2.02797457
-2.05297457
-2.07797457
-2.10297457
-2.12797457
-2.15297457
-2.17797457
-2.20297457
-2.22797457
-2.25297457
-2.27797457
-2.30297457
-2.32797457
-2.35297457
-2.37797457
-2.40297457
-2.42797457
-2.45297457
-2.47797457
-2.50297457
-2.52797457
-2.55297457
-2.57797457
-2.60297457
