-78.0088628202
-77.9986533263
-77.9888262001
-77.9793808305
-77.9703132373
-77.9616169513
-77.9532837124
-77.9453040653
-77.9376677900
-77.9303641678
-77.9233823277
-77.9167112858
-77.9103406040
-77.9042584440
-77.8984545919
-77.8929183787
-77.8876396084
-77.8826085071
-77.8778153160
-77.8768843915
-77.8759625371
-77.9254708699
-77.9251788328
-77.9248881861
-77.9234568574
-77.9220649350
-77.9207150998
-77.9194100669
-77.9181517159
-77.9169410022
-77.9157781580
-77.9146645167
-77.9136002597
-77.9125843825
-77.9116156415
-77.9106944975
-77.9098213723
-77.9089941179
-77.9082098829
-77.9074672502
-77.9067672947
-77.9061089996
-77.9054882145
-77.9049008859
-77.9043459157
-77.9038237419
-77.9033326323
-77.9028684196
-77.9024279418
-77.9020103262
-77.9016143271
