1.13102700
1.15602700
1.18102700
1.20602700
1.23102700
1.25602700
1.28102700
1.30602700
1.33102700
1.35602700
1.38102700
1.40602700
1.43102700
1.45602700
1.48102700
1.50602700
1.53102700
1.55602700
1.58102700
1.58602700
1.59102700
1.59602700
1.60102700
1.60602700
1.63102700
1.65602700
1.68102700
1.70602700
1.73102700
1.75602700
1.78102700
1.80602700
1.83102700
1.85602700
1.88102700
1.90602700
1.93102700
1.95602700
1.98102700
2.00602700
2.03102700
2.05602700
2.08102700
2.10602700
2.13102700
2.15602700
2.18102700
2.20602700
2.23102700
2.25602700
2.28102700
