-685.057247101
-685.056751397
-685.055422445
-685.053407115
-685.050830812
-685.047798493
-685.044398548
-685.040705985
-685.036785096
-685.032691533
-685.028473978
-685.024451827
-685.020088337
-685.015705930
-685.011332510
-685.006984425
-685.002686828
-684.998445106
-684.994276744
-684.990185242
-684.986182934
-684.982269435
-684.978451235
-684.974723683
-684.971114464
-684.967598657
-684.964185108
-684.960874422
-684.957667701
-684.954563281
-684.951561527
-684.948660892
-684.945860749
-684.943159185
-684.940555129
-684.938045470
-684.935630209
-684.933306230
-684.931071502
-684.928923552
-684.926863622
-684.924883759
-684.922985096
-684.921166038
-684.919420621
-684.917747009
-684.916146589
-684.914614974
-684.913144484
-684.911739387
-684.910396135
-684.909107515
-684.907875526
-684.906698734
-684.905569628
-684.904491145
-684.903451954
-684.902461397
-684.901511065
-684.900601529
-684.899733132
