1.11721652
-1.14221652
-1.16721652
-1.19221652
-1.21721652
-1.24221652
-1.26721652
-1.29221652
-1.31721652
-1.34221652
-1.36721652
-1.39221652
-1.41721652
-1.44221652
-1.46721652
-1.49221652
-1.51721652
-1.54221652
-1.56721652
-1.59221652
-1.61721652
-1.64221652
-1.66721652
-1.69221652
-1.71721652
-1.74221652
-1.76721652
-1.79221652
-1.81721652
-1.84221652
-1.86721652
-1.89221652
-1.91721652
-1.94221652
-1.96721652
-1.99221652
-2.01721652
-2.04221652
-2.06721652
-2.092217
-2.11721652
-2.14221652
-2.16721652
-2.19221652
-2.217217
-2.24221652
-2.26721652
-2.292217
-2.31721652
-2.34221652
-2.36721652
-2.39221652
-2.41721652
-2.442188
-2.46721652
-2.49221652
-2.517217
-2.54221652
-2.567217
-2.59221652
-2.61721652
