-115.704240361
-115.702888341
-115.699307357
-115.694083919
-115.687672868
-115.680426525
-115.672616941
-115.664452805
-115.656092842
-115.647656420
-115.639233039
-115.630889200
-115.622674254
-115.614624758
-115.606767883
-115.599124082
-115.591708191
-115.584531600
-115.577602189
-115.570925331
-115.564504075
-115.558339504
-115.552430535
-115.546774680
-115.541368028
-115.536205223
-115.531280155
-115.526585808
-115.522114321
-115.517857530
-115.513806907
-115.509953304
-115.506287833
-115.502801331
-115.499485354
-115.496330814
-115.493329692
-115.490473904
-115.487755356
-115.485166895
-115.482701935
-115.480353532
-115.478115051
-115.475980819
-115.473945297
-115.472002703
-115.470147883
-115.468376292
-115.466683219
-115.465064082
-115.463515021
-115.462032567
-115.549896035
-115.549734953
-115.457950841
-115.456701376
-115.549291337
-115.549161174
-115.549039404
-115.548824431
