0.70720268
-0.73220268
-0.75720268
-0.78220268
-0.80720268
-0.83220268
-0.85720268
-0.88220268
-0.90720268
-0.93220268
-0.95720268
-0.98220268
-1.00720268
-1.03220268
-1.05720268
-1.08220268
-1.10720268
-1.13220268
-1.15720268
-1.18220268
-1.20720268
-1.23220268
-1.25720268
-1.28220268
-1.30720268
-1.33220268
-1.35720268
-1.38220268
-1.40720268
-1.43220268
-1.45720268
-1.48220268
-1.50720268
-1.53220268
-1.55720268
-1.58220268
-1.60720268
-1.63220268
-1.65720268
-1.68220268
-1.70720268
-1.73220268
-1.75720268
-1.78220268
-1.80720268
-1.83220268
-1.85720268
-1.88220268
-1.90720268
-1.93220268
-1.95720268
-1.98220268
-2.00720268
-2.03220268
-2.05720268
-2.08220268
-2.10720268
-2.13220268
-2.15720268
-2.20720268
