-77.5610348676
-77.6419574755
-77.7172288895
-77.7871985243
-77.8522285247
-77.9126252376
-77.9686902708
-78.0206980360
-78.0689282016
-78.1136211272
-78.1550009608
-78.1932971007
-78.2287046816
-78.2614130308
-78.2915936862
-78.3194200957
-78.3450409903
-78.3685964174
-78.3902272790
-78.4100540443
-78.4281953929
-78.4447568973
-78.4598455172
-78.4735540266
-78.4859699725
-78.4971805837
-78.5072619956
-78.5162873413
-78.5243240545
-78.5314387146
-78.5376901005
-78.5431335524
-78.5478234852
-78.5518097924
-78.5551381494
-78.5578518072
-78.5599925997
-78.5615985567
-78.5627057188
-78.5633478760
-78.5635570308
-78.5633632387
-78.5627944741
-78.5618769600
-78.5606367179
-78.5590956395
-78.5572765940
-78.5551996168
-78.5528843120
-78.5503493369
-78.5476111169
-78.5446861259
-78.5415894430
-78.5383357503
-78.5349374384
-78.5314075630
-78.5277578907
-78.5239999978
-78.5201430734
-78.5161973394
-78.5121724459
-78.5080756193
-78.5039169877
-78.4997018852
-78.4954387578
-78.4911328757
-78.4867910057
-78.4824195114
-78.4780223337
-78.4736052083
-78.4691726402
-78.4647296680
-78.4602789721
-78.4558249475
-78.4513717177
-78.4469211427
-78.4424768815
-78.4380416909
-78.4336188439
-78.4292093569
-78.4248172743
-78.4204426418
-78.4160888761
-78.4117563873
-78.4074474557
-78.4031642058
-78.3989067016
-78.3946768279
-78.3904756062
-78.3863046740
-78.3821637550
-78.3780559543
-78.3739802976
-78.3699372394
-78.3659274569
-78.3619528258
-78.3580140920
-78.3541092236
-78.3502415674
-78.3464100485
-78.3426145328
