-79.6822821438
-79.6762411224
-79.6704105264
-79.6647891773
-79.6593735182
-79.6541593557
-79.6491420861
-79.6443168331
-79.6396784928
-79.6352218646
-79.6309417152
-79.6268327152
-79.6228895638
-79.6191070932
-79.6154801313
-79.6120044456
-79.6086735932
-79.6054834431
-79.6024291742
-79.5995060832
-79.5967096348
-79.5940353028
-79.5914785207
-79.5890347938
-79.5866997190
-79.5844688779
-79.5823378044
-79.5803020801
-79.5783574026
-79.5764995406
-79.5747242740
-79.5730274448
-79.5714050773
-79.5698534184
-79.5683688447
-79.5669477877
-79.5655868243
-79.5642828412
-79.5630330263
-79.5618346634
-79.5606850218
-79.5595815307
-79.5585219899
