-75.6462732691
-75.7537759532
-75.8450087155
-75.9301326676
-76.0094857118
-76.0834388096
-76.1522933844
-76.2163714417
-76.2759724872
-76.3313534796
-76.3827892793
-76.4305066982
-76.4747512620
-76.5157217330
-76.5536273507
-76.5886626936
-76.6209936155
-76.6507976077
-76.6782209381
-76.7034189734
-76.7265208636
-76.7476595671
-76.7669597111
-76.7845284909
-76.8004782017
-76.8149039677
-76.8279048226
-76.8395645456
-76.8499685968
-76.8591969514
-76.8673194550
-76.8744080980
-76.8805251665
-76.8857337459
-76.8900897903
-76.8936479149
-76.8964594960
-76.8985712230
-76.9000289375
-76.9008741923
-76.9011480751
-76.9008865047
-76.9001268864
-76.8989008497
-76.8972406497
-76.8951752874
-76.8927333688
-76.8899409966
-76.8868224645
-76.8834020992
-76.8797008426
-76.8757407771
-76.8715403149
-76.8671191940
-76.8624948482
-76.8576822763
-76.8526987701
-76.8475576535
-76.8422743717
-76.8368602500
-76.8313292901
-76.8256925080
-76.8199597953
-76.8141433947
-76.8082511325
-76.8022940530
-76.7962788987
-76.7902157674
-76.7841113487
-76.7779718151
-76.7718058626
-76.7656178301
-76.7594158851
-76.7532031821
-76.7469872848
-76.7407718565
-76.7345605039
-76.7283594730
-76.7221707482
-76.7160000362
-76.7098487989
-76.7037222029
-76.6875651616
-76.6915505390
-76.6855117475
-76.6735381353
