-79.2616903246
-79.2864577487
-79.3068528698
-79.3234447532
-79.3367260534
-79.3471278337
-79.3550290068
-79.3607594481
-79.3646091980
-79.3655864567
-79.3676531527
-79.3696054791
-79.3707220351
-79.3714224030
-79.3718044524
-79.3719452286
-79.3719058963
-79.3717361795
-79.3714768603
-79.3711598805
-79.3708075731
-79.3629446631
-79.3645057320
-79.3658069225
-79.3668695678
-79.3677126546
-79.3683509441
-79.3687996794
-79.3690749098
-79.3691921862
-79.3691659881
-79.3690113311
-79.3687414392
-79.3683694878
-79.3679084492
-79.3673681913
-79.3667588111
-79.3660911830
-79.3653726378
-79.3646113909
-79.3638127472
-79.3629835459
-79.3621287294
-79.3612522929
-79.3603571593
-79.3594460233
-79.3585215851
-79.3575865095
-79.3566424125
-79.3556903005
-79.3547306061
-79.3537650925
-79.3527947921
-79.3518228940
-79.3508471606
-79.3498703315
-79.3488941823
-79.3479185650
-79.3469443570
-79.3459749109
-79.3450090455
-79.3440492492
-79.3430957418
-79.3421503561
-79.3412126752
-79.3402856300
-79.3393683445
-79.3384619047
-79.3375694053
-79.3366876149
-79.3358198870
-79.3349664539
-79.3341263474
-79.3333039156
-79.3324957611
-79.3317044081
-79.3309293842
-79.3301711393
-79.3294309691
-79.3287072682
-79.3280011147
-79.3273133259
-79.3266435247
-79.3259933387
-79.3253620783
-79.3247488025
-79.3241513883
-79.3235719617
-79.3230105214
-79.3224682679
-79.3219468764
-79.3214445412
-79.3209603067
-79.3204920067
-79.3200387799
-79.3195997707
-79.3191779095
-79.3187731083
-79.3183882385
-79.3180214419
-79.3176701468
-79.3173306650
-79.3170031651
-79.3166887991
-79.3163862893
-79.3160991224
-79.3158262847
-79.3155683768
-79.3153238208
-79.3150895019
-79.3148631503
-79.3146460220
-79.3144378145
-79.3142412268
-79.3140536503
-79.3138786386
-79.3137126514
-79.3135549776
-79.3134032642
-79.3132592958
-79.3131198488
