-82.0223716096
-82.0205646159
-82.0157638397
-82.0087356295
-82.0000812076
-81.9902720261
-81.9796764653
-81.9688468611
-81.9580785932
-81.9474500261
-81.9370245215
-81.9268543563
-81.9169714798
-81.9074023035
-81.8981623567
-81.8892570150
-81.8806854521
-81.8724434231
-81.8645232857
-81.8569156442
-81.8496088550
-81.8425917126
-81.8358531154
-81.8293823615
-81.8231694079
-81.8172047142
-81.8114793492
-81.8059845046
-81.8007124584
-81.7956548211
-81.7908038425
-81.7861517271
-81.7816912236
-81.7774147676
-81.7733152093
-81.7693853648
-81.7656185814
-81.7620079165
-81.7585468614
-81.7552287375
-81.7520490017
-81.7490002886
-81.7460779225
-81.7432763858
-81.7405907837
-81.7380165485
-81.7355489442
-81.7331835780
-81.7309170492
-81.7287446448
-81.7266628046
-81.7246678849
-81.7227563025
-81.7209247266
-81.7191699071
-81.7174886336
-81.7158776384
-81.7143339272
-81.7128547899
-81.7114375202
-81.7100792029
