0.87060700
-0.89560700
-0.92060700
-0.94560700
-0.97060700
-0.99560700
-1.02060700
-1.04560700
-1.07060700
-1.09560700
-1.12060700
-1.14560700
-1.17060700
-1.19560700
-1.22060700
-1.24560700
-1.27060700
-1.295607
-1.32060700
-1.34560700
-1.37060700
-1.39560700
-1.42060700
-1.44560700
-1.47060700
-1.49560700
-1.52060700
-1.54560700
-1.57060700
-1.59560700
-1.62060700
-1.64560700
-1.67060700
-1.69560700
-1.72060700
-1.74560700
-1.77060700
-1.79560700
-1.82060700
-1.84560700
-1.87060700
-1.89560700
-1.92060700
-1.94560700
-1.97060700
-1.99560700
-2.02060700
-2.04560700
-2.07060700
-2.09560700
-2.12060700
-2.14560700
-2.17060700
-2.19560700
-2.22060700
-2.24560700
-2.27060700
-2.29560700
-2.32060700
-2.34560700
-2.37060700
