-50.7547911577
-50.7532300207
-50.7489488115
-50.7424896690
-50.7343012673
-50.7247573954
-50.7141640049
-50.7027799862
-50.6908251283
-50.6784785441
-50.6658942372
-50.6531999380
-50.6404979234
-50.6278755813
-50.6153974929
-50.6031182850
-50.5910760459
-50.5793025225
-50.5678189910
-50.5566435139
-50.5457879498
-50.5352626565
-50.5250742818
-50.5152277173
-50.5274010268
-50.5252001076
-50.5229611743
-50.5206959333
-50.5184173329
-50.5161360538
-50.5138578037
-50.5115909907
-50.5093444645
-50.5071219040
-50.5049280542
-50.5027706594
-50.5006536950
-50.4985787262
-50.4965502588
-50.4945726033
-50.4926467133
-50.4907727361
-50.4889531507
-50.4871892770
-50.4854804261
-50.4838249447
-50.4822236165
-50.4806764905
-50.4791821119
-50.4777375726
-50.4763424536
-50.4749972597
-50.4737005237
-50.4724492206
-50.4712408326
-50.4700764966
-50.4689561129
-50.4678773450
-50.4668365448
-50.4658321723
-50.4648657158
