-80.7918986531
-80.7881195030
-80.7780600603
-80.7633156186
-80.7451382034
-80.7245113460
-80.7022071540
-80.6788312849
-80.6548575286
-80.6306541007
-80.6414016516
-80.6240081169
-80.6072044089
-80.5910909814
-80.5757386385
-80.5611911001
-80.5474770676
-80.5346379596
-80.5225545608
-80.5114717715
-80.5014777357
-80.4922705613
-80.4840963726
-80.4768670778
-80.4705668545
-80.4651105665
-80.4603868066
-80.4562721971
-80.4526585753
-80.4494504483
-80.4465589259
-80.4439734588
-80.4416093567
-80.4335892114
-80.4374526925
-80.4356182079
-80.4339146784
-80.4323585042
-80.4309053188
-80.4295690263
-80.4283405269
-80.4272039406
-80.4261572045
-80.4252105181
-80.4108430082
-80.4235511627
-80.4112908438
-80.4222083576
-80.4117857501
-80.4119178233
-80.4120384102
-80.4121498746
-80.4122528861
-80.4123480116
-80.4124373262
-80.4125216000
-80.4126013410
-80.4126768921
-80.4127489851
-80.4128174772
