0.61706583
-0.64206583
-0.66706583
-0.69206583
-0.71706583
-0.74206583
-0.76706583
-0.79206583
-0.81706583
-0.84206583
-0.86706583
-0.892066
-0.917066
-0.94206583
-0.96706583
-0.992110
-1.017220
-1.042153
-1.068556
-1.09206583
-1.11706583
-1.143093
-1.167066
-1.192066
-1.217066
-1.242066
-1.26706583
-1.292066
-1.317066
-1.342067
-1.36706583
-1.392125
-1.41706583
-1.44206583
-1.46706583
-1.492066
-1.517628
-1.54206583
-1.56706583
-1.592353
-1.617032
-1.64206583
-1.668152
-1.692066
-1.71706583
-1.742997
-1.76706583
-1.792124
-1.84206583
-1.86706583
-1.89206583
-1.91706583
-1.94206583
-1.96706583
-1.99206583
-2.01706583
-2.04206583
-2.06706583
-2.09206583
-2.11706583
