0.71154000
-0.73654000
-0.76154000
-0.78654000
-0.81154000
-0.83654000
-0.86154000
-0.88654000
-0.91154000
-0.93654000
-0.96154000
-0.98654000
-1.01154000
-1.03654000
-1.06154000
-1.08654000
-1.11154000
-1.13654000
-1.16154000
-1.18654000
-1.21154000
-1.23654000
-1.26154000
-1.28654000
-1.31154000
-1.33654000
-1.36154000
-1.38654000
-1.41154000
-1.43654000
-1.46154000
-1.48654000
-1.51154000
-1.53654000
-1.56154000
-1.58654000
-1.61154000
-1.63654000
-1.66154000
-1.68654000
-1.71154000
-1.73654000
-1.76154000
-1.78654000
-1.81154000
-1.83654000
-1.86154000
-1.88654000
-1.91154000
-1.93654000
-1.96154000
-1.98654000
-2.01154000
-2.03654000
-2.06154000
-2.08654000
-2.11154000
-2.13654000
-2.16154000
-2.18654000
-2.21154000
