-78.3426145328
-78.3286338055
-78.3151857396
-78.3022719396
-78.2898877600
-78.2780237052
-78.2666667025
-78.2558013215
-78.2454107129
-78.2354773832
-78.2259836936
-78.2169121798
-78.2082457480
-78.1999677972
-78.1920627330
-78.1845140928
-78.1773072104
-78.1704275028
-78.1638608488
-78.1575937645
-78.1516132406
-78.2264262128
-78.2272719820
-78.2280201877
-78.2286840374
-78.2292727171
-78.2297968003
-78.2302658523
-78.2306876026
-78.2310673385
-78.2314113220
-78.2317241966
-78.2320104230
-78.2322728203
-78.2325152157
-78.2327399682
-78.2329488344
-78.2331430636
-78.2333245816
-78.2334967046
-78.2336599618
-78.2338138404
-78.2339575469
-78.2340938798
-78.2342263706
-78.2343549002
-78.2344766573
-78.2345903498
-78.2346983715
