1.06059500
1.08559500
1.11059500
1.13559500
1.16059500
1.18559500
1.21059500
1.23559500
1.26059500
1.28559500
1.31059500
1.33559500
1.36059500
1.38559500
1.41059500
1.43559500
1.46059500
1.48559500
1.51059500
1.53559500
1.56059500
1.58559500
1.61059500
1.63559500
1.66059500
1.68559500
1.71059500
1.73559500
1.76059500
1.78559500
1.81059500
1.83559500
1.86059500
1.88559500
1.91059500
1.93559500
1.96059500
1.98559500
2.01059500
2.03559500
2.06059500
2.08559500
2.11059500
2.13559500
2.16059500
2.18559500
2.21059500
2.23559500
2.26059500
