-582.526333001
-582.525855109
-582.524538961
-582.522528926
-582.519948314
-582.516902554
-582.513481826
-582.509763267
-582.505812812
-582.501686748
-582.497432989
-582.493092101
-582.488698233
-582.484279860
-582.479860501
-582.475459411
-582.471092198
-582.466771473
-582.462507379
-582.458308098
-582.454180242
-582.450129188
-582.446159313
-582.442274187
-582.438476697
-582.434769144
-582.431153296
-582.427630444
-582.424201430
-582.420866669
-582.417626181
-582.414479612
-582.411426263
-582.408465122
-582.405594900
-582.402814062
-582.400120872
-582.397513427
-582.394989694
-582.392547547
-582.390184800
-582.387899235
-582.385688630
-582.383550785
-582.381483535
-582.379484762
-582.377552421
-582.375684532
-582.373879530
-582.372134937
-582.370449368
-582.368821174
-582.367248789
-582.365730766
-582.364265722
-582.362852306
-582.361489270
-582.360175471
-582.358909774
-582.357691029
-582.356518137
