-109.522107813
-109.515372890
-109.497915825
-109.473132775
-109.443569208
-109.411118287
-109.377169645
-109.342724330
-109.308486318
-109.274936594
-109.242392839
-109.211056587
-109.181047255
-109.152424585
-109.125205520
-109.099375001
-109.074895364
-109.051716778
-109.029781703
-109.009031719
-108.989408296
-108.970855574
-108.953319928
-108.936750621
-108.921099723
-108.906321447
-108.892371593
-108.879209391
-108.866793867
-108.855086782
-108.844052253
-108.833653498
-108.823857098
-108.814631277
-108.805942952
-108.797762169
-108.790060639
-108.782808503
-108.775978020
-108.769543935
-108.763480066
-108.757760939
-108.752364125
-108.747268099
-108.742451042
-108.737893047
-108.733576766
-108.729485418
-108.725602342
-108.721912676
-108.718403714
-108.715063400
-108.711879832
-108.708842331
-108.705941879
-108.703170204
-108.700519399
-108.697982201
-108.695552373
-108.693224201
-108.690992268
