0.000000
0.57004800
0.59504800
0.62004800
0.64504800
0.67004800
0.69504800
0.72004800
0.74504800
0.77004800
0.79504800
0.82004800
0.84504800
0.87004800
0.89504800
0.92004800
0.94504800
0.97004800
0.99504800
1.02004800
1.04504800
1.07004800
1.09504800
1.12004800
1.14504800
1.17004800
1.19504800
1.22004800
1.24504800
1.27004800
1.29504800
1.32004800
1.34504800
1.37004800
1.39504800
1.42004800
1.44504800
1.47004800
1.49504800
1.52004800
1.54504800
1.57004800
1.59504800
1.62004800
1.64504800
1.67004800
1.69504800
1.72004800
1.74504800
1.77004800
1.79504800
1.82004800
1.84504800
1.87004800
1.89504800
1.92004800
1.94504800
1.97004800
1.99504800
2.02004800
2.04504800
